-1 25 15 15
0.005355 8 3 3 I
0.045741 8 3 4 I
0.058887 8 3 5 I
0.104079 8 2 5 I
0.126198 8 2 6 I
0.176006 8 2 7 I
0.211960 8 1 7 I
0.229628 8 1 8 I
0.277116 8 1 7 I
0.305735 8 2 7 I
0.335499 8 1 7 I
0.386001 8 2 7 I
0.434991 8 3 7 I
0.458641 8 2 7 I
0.484368 8 3 7 I
0.005093 3 14 1 D
0.049226 3 0 1 D
0.063544 3 0 0 D
0.097154 3 0 14 D
0.139108 3 1 14 D
0.161441 3 2 14 D
0.182153 3 1 14 D
0.218188 3 2 14 D
0.264288 3 2 13 D
0.308128 3 2 14 D
0.358693 3 2 0 D
0.386022 3 3 0 D
0.433243 3 3 1 D
0.469547 3 3 0 D
0.510276 3 3 1 D
0.004821 2 8 8 C
0.049162 2 8 9 C
0.100229 2 9 9 C
0.135188 2 9 8 C
0.155068 2 9 9 C
0.202444 2 9 10 C
0.231688 2 9 11 C
0.251758 2 8 11 C
0.283365 2 7 11 C
0.313170 2 7 10 C
0.359082 2 6 10 C
0.385992 2 6 9 C
0.431986 2 7 9 C
0.447190 2 6 9 C
0.482271 2 6 8 C
0.504309 2 7 8 C
0.520181 2 6 8 C
0.559294 2 6 9 C
0.605645 2 6 10 C
0.005360 11 13 4 L
0.038135 11 12 4 L
0.083207 11 12 5 L
0.124872 11 13 5 L
0.181394 11 13 4 L
0.231589 11 12 4 L
0.271137 11 12 3 L
0.299335 11 12 4 L
0.317351 11 12 3 L
0.351431 11 11 3 L
0.387292 11 11 4 L
0.431971 11 11 5 L
0.463337 11 12 5 L
0.499817 11 12 6 L
0.535102 11 11 6 L
0.559554 11 11 7 L
0.608415 11 11 6 L
0.654897 11 12 6 L
0.701726 11 11 6 L
0.744258 11 11 5 L
0.780082 11 10 5 L
0.829427 11 10 6 L
0.005356 9 5 6 J
0.036028 9 6 6 J
0.081832 9 6 5 J
0.118109 9 5 5 J
0.164951 9 4 5 J
0.190010 9 5 5 J
0.217510 9 6 5 J
0.249589 9 5 5 J
0.266508 9 4 5 J
0.310619 9 4 4 J
0.362679 9 5 4 J
0.399373 9 5 5 J
0.450145 9 5 6 J
0.466689 9 6 6 J
0.510194 9 7 6 J
0.528099 9 7 7 J
0.608388 9 6 7 J
0.626793 9 7 7 J
0.641073 9 7 6 J
0.663820 9 6 6 J
0.701887 9 7 6 J
0.714582 9 6 6 J
0.748804 9 7 6 J
0.782050 9 8 6 J
0.828867 9 7 6 J
0.864738 9 7 5 J
0.898401 9 6 5 J
0.911641 9 7 5 J
0.940406 9 8 5 J
0.005363 13 14 14 N
0.023680 13 14 0 N
0.069247 13 14 14 N
0.082391 13 14 0 N
0.122406 13 14 14 N
0.181385 13 0 14 N
0.211938 13 0 0 N
0.231681 13 14 0 N
0.273977 13 14 1 N
0.319306 13 13 1 N
0.362671 13 14 1 N
0.385987 13 14 2 N
0.431991 13 0 2 N
0.450375 13 0 3 N
0.480050 13 14 3 N
0.520268 13 14 2 N
0.559528 13 0 2 N
0.608436 13 0 3 N
0.635595 13 0 4 N
0.655979 13 1 4 N
0.682506 13 1 5 N
0.701879 13 2 5 N
0.731758 13 1 5 N
0.760091 13 0 5 N
0.829558 13 1 5 N
0.850407 13 1 4 N
0.890568 13 0 4 N
0.923005 13 0 3 N
0.938422 13 0 4 N
0.955456 13 14 4 N
1.004284 13 14 3 N
1.042046 13 13 3 N
1.090968 13 12 3 N
1.103836 13 11 3 N
1.129416 13 11 2 N
1.147219 13 10 2 N
1.183579 13 10 3 N
0.005129 5 10 10 F
0.052738 5 10 11 F
0.082327 5 11 11 F
0.107335 5 11 12 F
0.141578 5 11 13 F
0.155048 5 11 12 F
0.175978 5 10 12 F
0.208451 5 11 12 F
0.258761 5 11 13 F
0.305344 5 11 12 F
0.335474 5 11 11 F
0.359071 5 11 12 F
0.386039 5 11 13 F
0.431915 5 11 14 F
0.475665 5 11 13 F
0.525568 5 11 12 F
0.541602 5 10 12 F
0.608431 5 11 12 F
0.622405 5 12 12 F
0.646172 5 11 12 F
0.670190 5 10 12 F
0.695510 5 10 11 F
0.739646 5 10 10 F
0.757061 5 9 10 F
0.784712 5 9 11 F
0.828887 5 9 12 F
0.857700 5 9 13 F
0.868802 5 9 12 F
0.892052 5 8 12 F
0.917580 5 7 12 F
0.967219 5 8 12 F
1.007217 5 8 13 F
1.046502 5 8 14 F
1.083859 5 8 0 F
1.116102 5 8 1 F
1.130867 5 9 1 F
1.146047 5 9 2 F
1.170812 5 9 3 F
1.196667 5 9 2 F
1.225650 5 9 1 F
1.240021 5 9 2 F
1.273711 5 10 2 F
1.291783 5 11 2 F
1.304086 5 11 3 F
1.330489 5 11 4 F
1.345811 5 10 4 F
1.366250 5 10 5 F
1.385845 5 10 4 F
1.415860 5 10 5 F
0.005126 4 11 3 E
0.033175 4 11 4 E
0.068251 4 10 4 E
0.084580 4 10 3 E
0.123674 4 9 3 E
0.137762 4 8 3 E
0.150363 4 8 2 E
0.181399 4 8 3 E
0.199957 4 8 2 E
0.217833 4 8 1 E
0.258241 4 9 1 E
0.269056 4 10 1 E
0.305309 4 10 0 E
0.333398 4 9 0 E
0.385977 4 10 0 E
0.432000 4 9 0 E
0.458753 4 9 1 E
0.495726 4 10 1 E
0.535141 4 9 1 E
0.566243 4 10 1 E
0.608382 4 10 0 E
0.643285 4 10 1 E
0.682270 4 10 2 E
0.730125 4 9 2 E
0.771434 4 9 1 E
0.828882 4 10 1 E
0.866655 4 10 2 E
0.890360 4 10 1 E
0.936646 4 10 0 E
0.964080 4 9 0 E
0.978403 4 8 0 E
1.026237 4 7 0 E
1.067248 4 7 14 E
1.087776 4 7 0 E
1.129503 4 6 0 E
1.165625 4 6 1 E
1.215608 4 5 1 E
1.234784 4 6 1 E
1.248148 4 7 1 E
1.280508 4 7 0 E
1.303977 4 7 1 E
1.326440 4 7 2 E
1.348266 4 7 1 E
1.381221 4 6 1 E
1.396579 4 6 2 E
1.410737 4 6 3 E
1.436994 4 5 3 E
0.005352 6 11 0 G
0.036026 6 11 1 G
0.082334 6 12 1 G
0.107759 6 12 2 G
0.144060 6 12 1 G
0.165027 6 13 1 G
0.198311 6 12 1 G
0.218180 6 12 0 G
0.229534 6 11 0 G
0.271143 6 11 14 G
0.288738 6 12 14 G
0.328106 6 12 0 G
0.351394 6 11 0 G
0.385983 6 11 1 G
0.431981 6 12 1 G
0.463331 6 12 2 G
0.499852 6 12 3 G
0.544860 6 11 3 G
0.608402 6 10 3 G
0.636559 6 11 3 G
0.675924 6 11 2 G
0.719618 6 11 1 G
0.763705 6 12 1 G
0.828874 6 11 1 G
0.876506 6 11 2 G
0.911986 6 11 1 G
0.928754 6 11 0 G
0.978047 6 10 0 G
1.028747 6 10 14 G
1.061529 6 11 14 G
1.098584 6 11 0 G
1.113144 6 11 1 G
1.159264 6 11 0 G
1.192593 6 11 14 G
1.234812 6 11 0 G
1.262129 6 11 14 G
1.297123 6 11 0 G
1.344415 6 11 1 G
1.381242 6 11 2 G
1.436947 6 10 2 G
1.463683 6 11 2 G
1.502764 6 11 1 G
0.262309 22 9 12 7
0.771340 22 9 11 7
0.784715 22 8 11 7
1.651716 22 15 15 7
0.005361 12 13 9 M
0.046736 12 12 9 M
0.094411 12 13 9 M
0.140932 12 13 10 M
0.181403 12 13 11 M
0.202553 12 13 10 M
0.249584 12 13 9 M
0.288955 12 12 9 M
0.308085 12 11 9 M
0.335480 12 10 9 M
0.386017 12 10 10 M
0.440493 12 11 10 M
0.455044 12 11 9 M
0.475654 12 12 9 M
0.515623 12 11 9 M
0.559288 12 12 9 M
0.608394 12 11 9 M
0.643290 12 10 9 M
0.686351 12 11 9 M
0.722369 12 12 9 M
0.752859 12 12 8 M
0.828877 12 12 9 M
0.871056 12 12 8 M
0.901722 12 13 8 M
0.942449 12 13 9 M
0.978899 12 13 8 M
1.017392 12 12 8 M
1.028655 12 12 9 M
1.079216 12 12 8 M
1.094574 12 13 8 M
1.129421 12 14 8 M
1.175998 12 14 9 M
1.219724 12 13 9 M
1.248141 12 14 9 M
1.295687 12 0 9 M
1.344520 12 0 8 M
1.388097 12 1 8 M
1.436990 12 0 8 M
1.460611 12 0 9 M
1.492040 12 14 9 M
1.528269 12 14 10 M
1.577140 12 14 9 M
1.591395 12 0 9 M
1.649239 12 0 8 M
1.698666 12 1 8 M
1.727122 12 1 9 M
1.747447 12 1 8 M
0.005353 7 12 13 H
0.030982 7 13 13 H
0.063561 7 13 12 H
0.098568 7 12 12 H
0.139487 7 12 11 H
0.150355 7 12 12 H
0.181390 7 12 11 H
0.224865 7 12 10 H
0.256006 7 12 11 H
0.297270 7 11 11 H
0.321852 7 11 10 H
0.386042 7 11 11 H
0.397067 7 10 11 H
0.439819 7 11 11 H
0.455112 7 10 11 H
0.499790 7 10 12 H
0.535106 7 10 13 H
0.548041 7 9 13 H
0.608426 7 10 13 H
0.652123 7 10 14 H
0.682511 7 10 13 H
0.731765 7 10 12 H
0.771337 7 9 12 H
0.790512 7 10 12 H
0.829551 7 10 13 H
0.875702 7 10 14 H
0.896174 7 10 13 H
0.923012 7 10 14 H
0.963802 7 10 13 H
0.988238 7 11 13 H
1.038781 7 12 13 H
1.076078 7 12 12 H
1.129508 7 13 12 H
1.171408 7 13 11 H
1.192567 7 14 11 H
1.232340 7 0 11 H
1.252671 7 14 11 H
1.294452 7 14 12 H
1.324347 7 13 12 H
1.373544 7 13 11 H
1.388360 7 13 10 H
1.438083 7 13 9 H
1.464156 7 13 10 H
1.481166 7 12 10 H
1.495384 7 12 11 H
1.536375 7 13 11 H
1.559196 7 13 10 H
1.589104 7 13 11 H
1.638157 7 13 10 H
1.666304 7 13 9 H
1.703060 7 13 8 H
1.732170 7 13 7 H
1.745726 7 12 7 H
1.761779 7 13 7 H
1.791325 7 12 7 H
1.821042 7 12 8 H
1.850098 7 13 8 H
1.863366 7 13 9 H
0.922995 18 6 6 3
2.085169 18 15 15 3
0.708072 24 5 14 9
2.103708 24 15 15 9
0.366125 17 9 10 2
0.757063 17 9 9 2
2.215542 17 15 15 2
0.005365 14 3 10 O
0.031073 14 3 11 O
0.065150 14 4 11 O
0.082400 14 4 10 O
0.134757 14 3 10 O
0.181431 14 4 10 O
0.198286 14 3 10 O
0.249604 14 3 11 O
0.264294 14 4 11 O
0.291740 14 5 11 O
0.337645 14 5 10 O
0.366297 14 5 9 O
0.431923 14 5 8 O
0.455414 14 5 9 O
0.506891 14 5 8 O
0.531663 14 5 9 O
0.559621 14 5 8 O
0.608443 14 5 7 O
0.649165 14 4 7 O
0.665616 14 4 8 O
0.710483 14 5 8 O
0.726788 14 6 8 O
0.751909 14 5 8 O
0.798029 14 5 9 O
0.843250 14 4 9 O
0.886515 14 4 8 O
0.923017 14 4 9 O
0.962281 14 5 9 O
1.004559 14 4 9 O
1.021298 14 4 10 O
1.068057 14 5 10 O
1.087805 14 5 9 O
1.129379 14 6 9 O
1.177263 14 6 8 O
1.198888 14 5 8 O
1.222108 14 4 8 O
1.238061 14 4 7 O
1.273730 14 5 7 O
1.289738 14 4 7 O
1.305794 14 4 8 O
1.323182 14 4 7 O
1.373753 14 4 8 O
1.402461 14 3 8 O
1.450101 14 2 8 O
1.491848 14 2 9 O
1.508359 14 1 9 O
1.546520 14 1 10 O
1.559205 14 0 10 O
1.593390 14 14 10 O
1.638163 14 14 9 O
1.674223 14 14 8 O
1.726961 14 14 7 O
1.757978 14 14 6 O
1.805469 14 14 7 O
1.846588 14 13 7 O
1.869194 14 12 7 O
1.914286 14 12 8 O
1.932434 14 11 8 O
1.976739 14 11 9 O
2.027165 14 12 9 O
2.048117 14 12 8 O
2.092632 14 12 7 O
2.124870 14 12 6 O
2.167112 14 12 5 O
2.200425 14 12 6 O
2.232697 14 11 6 O
2.293782 14 12 6 O
2.330332 14 12 7 O
2.383050 14 13 7 O
2.395246 14 14 7 O
0.004813 0 0 8 A
0.047363 0 0 9 A
0.068569 0 0 8 A
0.100221 0 1 8 A
0.129133 0 1 7 A
0.161436 0 0 7 A
0.193844 0 14 7 A
0.231675 0 14 6 A
0.277123 0 13 6 A
0.315364 0 12 6 A
0.362842 0 13 6 A
0.385996 0 13 7 A
0.431995 0 13 6 A
0.447196 0 13 5 A
0.489017 0 13 6 A
0.535092 0 13 5 A
0.608374 0 13 4 A
0.624930 0 13 5 A
0.655974 0 13 6 A
0.679314 0 13 5 A
0.703852 0 14 5 A
0.732100 0 14 6 A
0.757344 0 13 6 A
0.791837 0 13 5 A
0.840870 0 12 5 A
0.864729 0 11 5 A
0.911992 0 12 5 A
0.936416 0 13 5 A
0.978893 0 12 5 A
1.019538 0 12 6 A
1.067268 0 11 6 A
1.094579 0 12 6 A
1.129386 0 12 7 A
1.154621 0 13 7 A
1.176007 0 13 8 A
1.219719 0 14 8 A
1.263981 0 13 8 A
1.281835 0 12 8 A
1.310664 0 12 9 A
1.339428 0 11 9 A
1.362622 0 11 10 A
1.409146 0 11 9 A
1.436931 0 11 10 A
1.487159 0 11 11 A
1.522245 0 11 12 A
1.566104 0 11 13 A
1.577168 0 11 12 A
1.609122 0 11 13 A
1.644288 0 11 12 A
1.655980 0 10 12 A
1.702565 0 11 12 A
1.726521 0 12 12 A
1.771186 0 11 12 A
1.811199 0 11 11 A
1.854342 0 11 10 A
1.899068 0 10 10 A
1.949324 0 9 10 A
1.972444 0 10 10 A
2.017621 0 10 9 A
2.029224 0 10 8 A
2.053669 0 11 8 A
2.079408 0 11 7 A
2.107356 0 10 7 A
2.131321 0 9 7 A
2.163304 0 9 6 A
2.200417 0 8 6 A
2.227422 0 8 7 A
2.240511 0 7 7 A
2.266329 0 8 7 A
2.293777 0 8 8 A
2.319181 0 8 9 A
2.359126 0 8 10 A
2.395445 0 9 10 A
2.407436 0 10 10 A
2.439297 0 9 10 A
2.453063 0 10 10 A
2.493412 0 11 10 A
2.542057 0 12 10 A
2.565119 0 12 11 A
0.004819 1 2 9 B
0.045751 1 1 9 B
0.065141 1 1 8 B
0.097746 1 1 9 B
0.145857 1 1 8 B
0.161675 1 1 7 B
0.211931 1 1 6 B
0.254729 1 0 6 B
0.304534 1 1 6 B
0.335485 1 0 6 B
0.351452 1 14 6 B
0.362881 1 14 5 B
0.385989 1 14 6 B
0.406637 1 0 6 B
0.431951 1 0 5 B
0.464409 1 1 5 B
0.515856 1 1 6 B
0.559521 1 0 6 B
0.608420 1 1 6 B
0.654891 1 0 6 B
0.688170 1 14 6 B
0.722636 1 13 6 B
0.744288 1 13 5 B
0.764049 1 14 5 B
0.782254 1 14 6 B
0.829545 1 0 6 B
0.848563 1 0 5 B
0.865050 1 1 5 B
0.905344 1 1 4 B
0.955786 1 1 5 B
0.966776 1 1 6 B
1.002335 1 0 6 B
1.029594 1 14 6 B
1.079171 1 14 7 B
1.104660 1 14 6 B
1.116942 1 14 7 B
1.169275 1 14 6 B
1.219496 1 13 6 B
1.262443 1 13 5 B
1.276171 1 14 5 B
1.298804 1 14 4 B
1.315455 1 0 4 B
1.337752 1 1 4 B
1.379797 1 2 4 B
1.436940 1 3 4 B
1.472076 1 4 4 B
1.495697 1 4 5 B
1.528300 1 4 4 B
1.559317 1 3 4 B
1.604353 1 4 4 B
1.638170 1 3 4 B
1.668280 1 4 4 B
1.702570 1 4 3 B
1.738414 1 4 2 B
1.784410 1 5 2 B
1.801467 1 6 2 B
1.815631 1 6 3 B
1.865823 1 7 3 B
1.903239 1 7 4 B
1.925176 1 7 3 B
1.942865 1 6 3 B
1.988219 1 6 4 B
2.001383 1 6 3 B
2.041985 1 7 3 B
2.081950 1 7 4 B
2.101613 1 7 3 B
2.144945 1 8 3 B
2.201199 1 7 3 B
2.227431 1 6 3 B
2.256209 1 6 4 B
2.302598 1 7 4 B
2.334400 1 8 4 B
2.359116 1 7 4 B
2.404062 1 7 5 B
2.446010 1 7 4 B
2.497538 1 7 3 B
2.516308 1 7 2 B
2.527365 1 6 2 B
2.554273 1 6 3 B
2.594854 1 7 3 B
2.608763 1 6 3 B
2.639530 1 6 4 B
2.726077 1 5 4 B
0.005358 10 11 12 K
0.047357 10 12 12 K
0.094371 10 12 13 K
0.117999 10 12 14 K
0.135195 10 12 13 K
0.162957 10 11 13 K
0.195237 10 12 13 K
0.217502 10 12 12 K
0.249612 10 13 12 K
0.266532 10 12 12 K
0.310594 10 13 12 K
0.329732 10 14 12 K
0.386005 10 14 13 K
0.433249 10 0 13 K
0.460965 10 14 13 K
0.504985 10 0 13 K
0.527814 10 0 14 K
0.565640 10 1 14 K
0.608344 10 1 0 K
0.631801 10 2 0 K
0.663690 10 1 0 K
0.684525 10 1 1 K
0.710491 10 2 1 K
0.722716 10 2 0 K
0.744181 10 2 1 K
0.769608 10 1 1 K
0.828890 10 0 1 K
0.846445 10 1 1 K
0.889227 10 0 1 K
0.936639 10 14 1 K
0.957509 10 13 1 K
1.000418 10 12 1 K
1.048171 10 12 2 K
1.067231 10 13 2 K
1.105568 10 13 3 K
1.135312 10 12 3 K
1.176125 10 12 2 K
1.219487 10 12 3 K
1.239489 10 11 3 K
1.265124 10 12 3 K
1.299157 10 12 4 K
1.344547 10 12 3 K
1.382433 10 12 4 K
1.398091 10 12 5 K
1.436953 10 12 6 K
1.452240 10 11 6 K
1.464046 10 11 5 K
1.485666 10 12 5 K
1.502758 10 12 4 K
1.514310 10 11 4 K
1.539760 10 11 5 K
1.574304 10 12 5 K
1.644280 10 12 4 K
1.668614 10 12 5 K
1.726529 10 11 5 K
1.753325 10 11 6 K
1.805476 10 11 5 K
1.833132 10 12 5 K
1.873478 10 12 4 K
1.901322 10 12 5 K
1.917248 10 11 5 K
1.957929 10 12 5 K
1.972568 10 12 6 K
2.003707 10 13 6 K
2.044238 10 12 6 K
2.079416 10 13 6 K
2.092627 10 14 6 K
2.136766 10 13 6 K
2.170976 10 13 7 K
2.201252 10 14 7 K
2.230605 10 13 7 K
2.282811 10 14 7 K
2.303884 10 13 7 K
2.339232 10 14 7 K
2.389234 10 14 6 K
2.433257 10 13 6 K
2.469777 10 13 7 K
2.516318 10 13 6 K
2.536234 10 14 6 K
2.584562 10 14 5 K
2.608413 10 14 4 K
2.625143 10 14 5 K
2.638112 10 14 4 K
2.681449 10 13 4 K
2.726851 10 14 4 K
2.772502 10 14 5 K
2.819028 10 14 4 K
2.845930 10 13 4 K
2.894892 10 12 4 K
2.912005 10 12 5 K
0.229634 15 4 6 0
3.634524 15 15 15 0
1.304262 23 3 4 8
1.436955 23 3 3 8
3.719152 23 15 15 8
1.524438 16 7 10 1
4.418255 16 15 15 1
0.233339 19 11 4 4
0.387293 19 11 5 4
0.431972 19 11 6 4
0.535125 19 11 5 4
0.744259 19 11 4 4
1.330491 19 11 5 4
1.464048 19 11 4 4
1.514313 19 11 3 4
4.638664 19 15 15 4
0.067260 21 3 8 6
1.402464 21 3 9 6
4.682510 21 15 15 6
1.142027 20 6 12 5
4.796187 20 15 15 5
