-1 15 15 15
0.000078042 1 1 1 B
0.026098442 1 0 1 B
0.063120485 1 14 1 B
0.097664960 1 13 1 B
0.139128411 1 12 1 B
0.184152713 1 11 1 B
0.225247174 1 10 1 B
0.259693786 1 9 1 B
0.299626571 1 8 1 B
0.353723897 1 7 1 B
0.436955531 1 6 1 B
0.000079732 12 12 12 M
0.012018711 12 12 11 M
0.033026959 12 12 10 M
0.062810251 12 12 9 M
0.098719238 12 12 8 M
0.146056800 12 12 7 M
0.162385487 12 12 6 M
0.184148602 12 12 5 M
0.211127522 12 12 4 M
0.255900206 12 12 3 M
0.269664230 12 12 2 M
0.325573150 12 12 1 M
0.372150824 12 12 0 M
0.416389159 12 12 14 M
0.437554311 12 12 13 M
0.451657653 12 12 12 M
0.468194518 12 12 11 M
0.493960544 12 12 10 M
0.526066420 12 12 9 M
0.556842527 12 12 8 M
0.000078886 6 6 6 G
0.052675172 6 6 7 G
0.079068481 6 6 8 G
0.120116536 6 6 9 G
0.168869362 6 6 10 G
0.224110428 6 6 11 G
0.252055448 6 6 12 G
0.297497272 6 6 13 G
0.326251470 6 6 14 G
0.369632354 6 6 0 G
0.399248944 6 6 1 G
0.436951831 6 6 2 G
0.479821136 6 6 3 G
0.492579886 6 6 4 G
0.507665099 6 6 5 G
0.546298397 6 6 6 G
0.564922209 6 6 7 G
0.611671603 6 6 8 G
0.647651343 6 6 9 G
0.694166282 6 6 10 G
0.733384786 6 6 11 G
0.766896730 6 6 12 G
0.825291974 6 6 13 G
0.872250672 6 6 14 G
0.899429845 6 6 0 G
0.000078605 4 4 4 E
0.053568837 4 4 5 E
0.110231676 4 4 6 E
0.139123170 4 4 7 E
0.184144963 4 4 8 E
0.234146759 4 4 9 E
0.279788759 4 4 10 E
0.296048113 4 4 11 E
0.353719152 4 4 12 E
0.400182886 4 4 13 E
0.433986549 4 4 14 E
0.448815949 4 4 0 E
0.492325344 4 4 1 E
0.531844626 4 4 2 E
0.580823711 4 4 3 E
0.598242171 4 4 4 E
0.646652083 4 4 5 E
0.688417445 4 4 6 E
0.729694687 4 4 7 E
0.746451195 4 4 8 E
0.761995199 4 4 9 E
0.811715800 4 4 10 E
0.857894691 4 4 11 E
0.881989059 4 4 12 E
0.903857677 4 4 13 E
0.951674151 4 4 14 E
0.978949936 4 4 0 E
0.997648164 4 4 1 E
1.020903641 4 4 2 E
1.036609947 4 4 3 E
1.082128122 4 4 4 E
1.126048585 4 4 5 E
1.143875507 4 4 6 E
0.000079869 13 13 13 N
0.053586558 13 12 13 N
0.076341997 13 11 13 N
0.149696219 13 10 13 N
0.168879624 13 9 13 N
0.193734200 13 8 13 N
0.224455346 13 7 13 N
0.253226684 13 6 13 N
0.297495027 13 5 13 N
0.354372796 13 4 13 N
0.399699348 13 3 13 N
0.427600682 13 2 13 N
0.461057602 13 1 13 N
0.507797495 13 0 13 N
0.528316119 13 14 13 N
0.562072063 13 13 13 N
0.598246680 13 12 13 N
0.612285311 13 11 13 N
0.646945848 13 10 13 N
0.657956223 13 9 13 N
0.696831980 13 8 13 N
0.716397224 13 7 13 N
0.729997392 13 6 13 N
0.755643557 13 5 13 N
0.784439901 13 4 13 N
0.825287700 13 3 13 N
0.842239415 13 2 13 N
0.876917340 13 1 13 N
0.915639120 13 0 13 N
0.939758802 13 14 13 N
0.960066725 13 13 13 N
0.994122838 13 12 13 N
1.025555583 13 11 13 N
1.051981556 13 10 13 N
1.082123580 13 9 13 N
1.100901909 13 8 13 N
1.118269437 13 7 13 N
1.153663129 13 6 13 N
1.185785556 13 5 13 N
1.205918269 13 4 13 N
1.221812030 13 3 13 N
1.274952114 13 2 13 N
1.298586415 13 1 13 N
1.340156432 13 0 13 N
0.000079993 14 14 14 O
0.032789938 14 14 13 O
0.079339850 14 14 12 O
0.112883240 14 14 11 O
0.148826757 14 14 10 O
0.184155860 14 14 9 O
0.195065741 14 14 8 O
0.211795463 14 14 7 O
0.256776434 14 14 6 O
0.295543528 14 14 5 O
0.326255016 14 14 4 O
0.354278208 14 14 3 O
0.403758819 14 14 2 O
0.426875259 14 14 1 O
0.472594596 14 14 0 O
0.499549619 14 14 14 O
0.562075349 14 14 13 O
0.575674065 14 14 12 O
0.614767839 14 14 11 O
0.651039594 14 14 10 O
0.679710620 14 14 9 O
0.714567759 14 14 8 O
0.780874608 14 14 7 O
0.800561705 14 14 6 O
0.829252121 14 14 5 O
0.844765748 14 14 4 O
0.893968812 14 14 3 O
0.911785310 14 14 2 O
0.934746753 14 14 1 O
0.960073163 14 14 0 O
0.984654315 14 14 14 O
0.997889932 14 14 13 O
1.032183986 14 14 12 O
1.052637097 14 14 11 O
1.082582880 14 14 10 O
1.128825087 14 14 9 O
1.165889462 14 14 8 O
1.205914002 14 14 7 O
1.237734932 14 14 6 O
1.276880114 14 14 5 O
1.304923164 14 14 4 O
1.333597721 14 14 3 O
1.379172504 14 14 2 O
1.427576906 14 14 1 O
1.450057780 14 14 0 O
1.491904690 14 14 14 O
0.000077482 0 0 0 A
0.029895525 0 0 14 A
0.056512727 0 0 13 A
0.082080424 0 0 12 A
0.110237878 0 0 11 A
0.154711624 0 0 10 A
0.198599719 0 0 9 A
0.214408764 0 0 8 A
0.259403831 0 0 7 A
0.301333797 0 0 6 A
0.337058113 0 0 5 A
0.375943969 0 0 4 A
0.402120907 0 0 3 A
0.451822778 0 0 2 A
0.499553659 0 0 1 A
0.522042574 0 0 0 A
0.560867773 0 0 14 A
0.598648262 0 0 13 A
0.614764793 0 0 12 A
0.647686617 0 0 11 A
0.694170507 0 0 10 A
0.726980614 0 0 9 A
0.778557244 0 0 8 A
0.808755368 0 0 7 A
0.850023052 0 0 6 A
0.893004421 0 0 5 A
0.920706523 0 0 4 A
0.974700201 0 0 3 A
0.987034716 0 0 2 A
1.020131927 0 0 1 A
1.041603263 0 0 0 A
1.059252267 0 0 14 A
1.092501286 0 0 13 A
1.116662637 0 0 12 A
1.157328582 0 0 11 A
1.197082810 0 0 10 A
1.220852527 0 0 9 A
1.235792448 0 0 8 A
1.292817131 0 0 7 A
1.309041207 0 0 6 A
1.333577757 0 0 5 A
1.367132829 0 0 4 A
1.415597883 0 0 3 A
1.439054252 0 0 2 A
1.477778579 0 0 1 A
1.517318450 0 0 0 A
1.557736816 0 0 14 A
0.000079187 8 8 8 I
0.027344745 8 8 7 I
0.052677989 8 8 6 I
0.076068146 8 8 5 I
0.118081487 8 8 4 I
0.132953495 8 8 3 I
0.162094021 8 8 2 I
0.184140015 8 8 1 I
0.206098598 8 8 0 I
0.253210028 8 8 14 I
0.269101891 8 8 13 I
0.295546058 8 8 12 I
0.326248885 8 8 11 I
0.358611382 8 8 10 I
0.407779358 8 8 9 I
0.455272295 8 8 8 I
0.468247330 8 8 7 I
0.493963314 8 8 6 I
0.509559909 8 8 5 I
0.546398359 8 8 4 I
0.575138621 8 8 3 I
0.594944171 8 8 2 I
0.627723193 8 8 1 I
0.679692015 8 8 0 I
0.721584459 8 8 14 I
0.746442729 8 8 13 I
0.777775949 8 8 12 I
0.811711045 8 8 11 I
0.850017862 8 8 10 I
0.881648478 8 8 9 I
0.899504184 8 8 8 I
0.939594513 8 8 7 I
0.990027853 8 8 6 I
1.028858376 8 8 5 I
1.054350226 8 8 4 I
1.077699124 8 8 3 I
1.119785027 8 8 2 I
1.155649817 8 8 1 I
1.187655356 8 8 0 I
1.207757836 8 8 14 I
1.245108940 8 8 13 I
1.257849895 8 8 12 I
1.292822097 8 8 11 I
1.340154973 8 8 10 I
1.360555345 8 8 9 I
1.395763443 8 8 8 I
1.419724442 8 8 7 I
1.439056684 8 8 6 I
1.489108121 8 8 5 I
1.523032469 8 8 4 I
1.557400090 8 8 3 I
1.602104748 8 8 2 I
1.650781069 8 8 1 I
1.677035854 8 8 0 I
1.718681687 8 8 14 I
1.749712308 8 8 13 I
1.768109551 8 8 12 I
1.814308387 8 8 11 I
1.832609019 8 8 10 I
1.868162342 8 8 9 I
1.899739202 8 8 8 I
1.938808723 8 8 7 I
1.983611523 8 8 6 I
2.017792966 8 8 5 I
2.064063460 8 8 4 I
0.000078439 3 3 3 D
0.028761382 3 2 3 D
0.079416201 3 1 3 D
0.110245576 3 0 3 D
0.134972542 3 14 3 D
0.162402237 3 13 3 D
0.191034878 3 12 3 D
0.224098343 3 11 3 D
0.272056146 3 10 3 D
0.326259002 3 9 3 D
0.372671889 3 8 3 D
0.410993290 3 7 3 D
0.446207003 3 6 3 D
0.479815810 3 5 3 D
0.509185969 3 4 3 D
0.525881571 3 3 3 D
0.573671314 3 2 3 D
0.622158912 3 1 3 D
0.651712159 3 0 3 D
0.694271685 3 14 3 D
0.746447376 3 13 3 D
0.787931286 3 12 3 D
0.840987531 3 11 3 D
0.872683687 3 10 3 D
0.915864855 3 9 3 D
0.960079774 3 8 3 D
1.021143747 3 7 3 D
1.032944057 3 6 3 D
1.077706457 3 5 3 D
1.092744081 3 4 3 D
1.124882845 3 3 3 D
1.143866719 3 2 3 D
1.188598928 3 1 3 D
1.222124652 3 0 3 D
1.262211625 3 14 3 D
1.303152459 3 13 3 D
1.315553645 3 12 3 D
1.347336374 3 11 3 D
1.377349467 3 10 3 D
1.419825086 3 9 3 D
1.446439385 3 8 3 D
1.477771472 3 7 3 D
1.510036609 3 6 3 D
1.539208733 3 5 3 D
1.588750498 3 4 3 D
1.631519951 3 3 3 D
1.653365622 3 2 3 D
1.674555683 3 1 3 D
1.697858642 3 0 3 D
1.718666380 3 14 3 D
1.755211034 3 13 3 D
1.780476006 3 12 3 D
1.812490119 3 11 3 D
1.835978091 3 10 3 D
1.874594121 3 9 3 D
1.919767186 3 8 3 D
1.970410726 3 7 3 D
1.993792447 3 6 3 D
2.020835869 3 5 3 D
2.045072283 3 4 3 D
2.064375377 3 3 3 D
0.000079450 10 10 10 K
0.057341429 10 10 11 K
0.084807160 10 10 12 K
0.110201097 10 10 13 K
0.149690851 10 10 14 K
0.191066241 10 10 0 K
0.209191299 10 10 1 K
0.224103229 10 10 2 K
0.251946254 10 10 3 K
0.272053527 10 10 4 K
0.326253122 10 10 5 K
0.374270956 10 10 6 K
0.426870098 10 10 7 K
0.445713340 10 10 8 K
0.467919418 10 10 9 K
0.480127770 10 10 10 K
0.531841668 10 10 11 K
0.558360382 10 10 12 K
0.576789351 10 10 13 K
0.614742440 10 10 14 K
0.666227855 10 10 0 K
0.703963811 10 10 1 K
0.736898564 10 10 2 K
0.749924226 10 10 3 K
0.787934518 10 10 4 K
0.828186444 10 10 5 K
0.864709391 10 10 6 K
0.937680725 10 10 7 K
0.960169751 10 10 8 K
1.001664747 10 10 9 K
1.031718353 10 10 10 K
1.070966971 10 10 11 K
1.114367714 10 10 12 K
1.144300344 10 10 13 K
1.165884842 10 10 14 K
1.185776878 10 10 0 K
1.231987065 10 10 1 K
1.243987219 10 10 2 K
1.258679199 10 10 3 K
1.277994877 10 10 4 K
1.295664094 10 10 5 K
1.318490981 10 10 6 K
1.361560640 10 10 7 K
1.393891881 10 10 8 K
1.414939365 10 10 9 K
1.438929768 10 10 10 K
1.465858014 10 10 11 K
1.509729173 10 10 12 K
1.538968298 10 10 13 K
1.588221809 10 10 14 K
1.629076789 10 10 0 K
1.673311997 10 10 1 K
1.718676906 10 10 2 K
1.767236933 10 10 3 K
1.807720322 10 10 4 K
1.823520782 10 10 5 K
1.853748941 10 10 6 K
1.891362557 10 10 7 K
1.923835578 10 10 8 K
1.944450093 10 10 9 K
1.968523336 10 10 10 K
1.993683015 10 10 11 K
2.029632744 10 10 12 K
2.057898926 10 10 13 K
2.102886563 10 10 14 K
2.178974923 10 10 0 K
2.190901572 10 10 1 K
2.236486292 10 10 2 K
2.275953945 10 10 3 K
2.315236019 10 10 4 K
2.357450578 10 10 5 K
2.387575599 10 10 6 K
2.408529984 10 10 7 K
2.443766229 10 10 8 K
2.487221004 10 10 9 K
2.518081452 10 10 10 K
2.550367433 10 10 11 K
2.570379443 10 10 12 K
0.000079593 11 11 11 L
0.026101492 11 10 11 L
0.057295205 11 9 11 L
0.110235045 11 8 11 L
0.134004969 11 7 11 L
0.183432476 11 6 11 L
0.224107184 11 5 11 L
0.252052227 11 4 11 L
0.296045279 11 3 11 L
0.336911918 11 2 11 L
0.353685997 11 1 11 L
0.374200617 11 0 11 L
0.410895908 11 14 11 L
0.449072460 11 13 11 L
0.495801876 11 12 11 L
0.524655109 11 11 11 L
0.558364073 11 10 11 L
0.578824985 11 9 11 L
0.600287908 11 8 11 L
0.641157906 11 7 11 L
0.679695752 11 6 11 L
0.709643186 11 5 11 L
0.755354308 11 4 11 L
0.780231543 11 3 11 L
0.810970677 11 2 11 L
0.841140624 11 1 11 L
0.861755760 11 0 11 L
0.893960518 11 14 11 L
0.937854284 11 13 11 L
0.974692393 11 12 11 L
1.023282247 11 11 11 L
1.059257385 11 10 11 L
1.070941915 11 9 11 L
1.092473831 11 8 11 L
1.112779243 11 7 11 L
1.124708355 11 6 11 L
1.144292659 11 5 11 L
1.165894099 11 4 11 L
1.197089359 11 3 11 L
1.213329516 11 2 11 L
1.244693875 11 1 11 L
1.280944832 11 0 11 L
1.292813422 11 14 11 L
1.309045305 11 13 11 L
1.336296453 11 12 11 L
1.376839685 11 11 11 L
1.414947766 11 10 11 L
1.456640224 11 9 11 L
1.488954771 11 8 11 L
1.538973498 11 7 11 L
1.588204883 11 6 11 L
1.629096555 11 5 11 L
1.650784726 11 4 11 L
1.673308894 11 3 11 L
1.718679528 11 2 11 L
1.744609718 11 1 11 L
1.769787669 11 0 11 L
1.780302083 11 14 11 L
1.819820236 11 13 11 L
1.858044259 11 12 11 L
1.869809534 11 11 11 L
1.903794168 11 10 11 L
1.926239497 11 9 11 L
1.977080820 11 8 11 L
2.026873349 11 7 11 L
2.047749543 11 6 11 L
2.071590371 11 5 11 L
2.098206144 11 4 11 L
2.111311090 11 3 11 L
2.129524764 11 2 11 L
2.179012288 11 1 11 L
2.223313740 11 0 11 L
2.273118395 11 14 11 L
2.325296537 11 13 11 L
2.342911086 11 12 11 L
2.368392791 11 11 11 L
2.387800847 11 10 11 L
2.430261702 11 9 11 L
2.476798851 11 8 11 L
2.525706397 11 7 11 L
2.568802485 11 6 11 L
2.602387588 11 5 11 L
2.649830053 11 4 11 L
2.661553681 11 3 11 L
2.681907561 11 2 11 L
2.719726161 11 1 11 L
2.731595204 11 0 11 L
2.753783232 11 14 11 L
0.000079310 9 9 9 J
0.053563787 9 10 9 J
0.097632291 9 11 9 J
0.134032859 9 12 9 J
0.165789579 9 13 9 J
0.195068884 9 14 9 J
0.214660889 9 0 9 J
0.231312353 9 1 9 J
0.259068720 9 2 9 J
0.294723812 9 3 9 J
0.325569655 9 4 9 J
0.361022788 9 5 9 J
0.407762058 9 6 9 J
0.445414700 9 7 9 J
0.485735958 9 8 9 J
0.509188513 9 9 9 J
0.541536630 9 10 9 J
0.573712857 9 11 9 J
0.620045126 9 12 9 J
0.659512341 9 13 9 J
0.714570609 9 14 9 J
0.778560772 9 0 9 J
0.825794714 9 1 9 J
0.874260496 9 2 9 J
0.909672268 9 3 9 J
0.939815947 9 4 9 J
0.985171265 9 5 9 J
1.021215362 9 6 9 J
1.059627440 9 7 9 J
1.104010532 9 8 9 J
1.128822922 9 9 9 J
1.153658420 9 10 9 J
1.167574115 9 11 9 J
1.187648453 9 12 9 J
1.207754144 9 13 9 J
1.228789192 9 14 9 J
1.274921769 9 0 9 J
1.333615147 9 1 9 J
1.345099892 9 2 9 J
1.384218767 9 3 9 J
1.422788799 9 4 9 J
1.450054335 9 5 9 J
1.465349657 9 6 9 J
1.492095394 9 7 9 J
1.517325160 9 8 9 J
1.555277296 9 9 9 J
1.588738477 9 10 9 J
1.606793039 9 11 9 J
1.656043212 9 12 9 J
1.702952070 9 13 9 J
1.736313769 9 14 9 J
1.757082601 9 0 9 J
1.783962712 9 1 9 J
1.812056577 9 2 9 J
1.827772679 9 3 9 J
1.867926384 9 4 9 J
1.898745952 9 5 9 J
1.931712440 9 6 9 J
1.968527657 9 7 9 J
1.993221698 9 8 9 J
2.017789478 9 9 9 J
2.059743459 9 10 9 J
2.098696537 9 11 9 J
2.111291871 9 12 9 J
2.178983058 9 13 9 J
2.199712509 9 14 9 J
2.215315906 9 0 9 J
2.237179993 9 1 9 J
2.281214809 9 2 9 J
2.306056290 9 3 9 J
2.355945940 9 4 9 J
2.387797985 9 5 9 J
2.430640897 9 6 9 J
2.460769322 9 7 9 J
2.515690102 9 8 9 J
2.561727005 9 9 9 J
2.598311617 9 10 9 J
2.627749844 9 11 9 J
2.651870888 9 12 9 J
2.681911397 9 13 9 J
2.715002364 9 14 9 J
2.734933341 9 0 9 J
2.766242612 9 1 9 J
2.784032979 9 2 9 J
2.832848556 9 3 9 J
2.865436389 9 4 9 J
2.914397705 9 5 9 J
2.947253741 9 6 9 J
2.988310350 9 7 9 J
3.003190120 9 8 9 J
3.028703896 9 9 9 J
0.000078759 5 5 5 F
0.053567208 5 6 5 F
0.087295242 5 7 5 F
0.132961736 5 8 5 F
0.146050944 5 9 5 F
0.170247324 5 10 5 F
0.204163621 5 11 5 F
0.224449055 5 12 5 F
0.271576438 5 13 5 F
0.326256119 5 14 5 F
0.375947487 5 0 5 F
0.399259626 5 1 5 F
0.413926317 5 2 5 F
0.445410404 5 3 5 F
0.468191535 5 4 5 F
0.507621594 5 5 5 F
0.546305295 5 6 5 F
0.575670023 5 7 5 F
0.588891287 5 8 5 F
0.612290481 5 9 5 F
0.666285685 5 10 5 F
0.682798039 5 11 5 F
0.713065402 5 12 5 F
0.746874295 5 13 5 F
0.778552265 5 14 5 F
0.801116286 5 0 5 F
0.828795136 5 1 5 F
0.874680853 5 2 5 F
0.898943245 5 3 5 F
0.915868862 5 4 5 F
0.960083213 5 5 5 F
0.994118573 5 6 5 F
1.036213748 5 7 5 F
1.059255606 5 8 5 F
1.104616659 5 9 5 F
1.144297600 5 10 5 F
1.165891686 5 11 5 F
1.199135141 5 12 5 F
1.238122722 5 13 5 F
1.304925705 5 14 5 F
1.367136090 5 0 5 F
1.415762501 5 1 5 F
1.456648935 5 2 5 F
1.492656823 5 3 5 F
1.546865960 5 4 5 F
1.588218043 5 5 5 F
1.629091909 5 6 5 F
1.679776552 5 7 5 F
1.718801234 5 8 5 F
1.735897145 5 9 5 F
1.753931191 5 10 5 F
1.787925731 5 11 5 F
1.808021825 5 12 5 F
1.823737447 5 13 5 F
1.843047090 5 14 5 F
1.871073556 5 0 5 F
1.921232513 5 1 5 F
1.968542481 5 2 5 F
2.015800837 5 3 5 F
2.059699456 5 4 5 F
2.098669855 5 5 5 F
2.136606723 5 6 5 F
2.178986354 5 7 5 F
2.201542750 5 8 5 F
2.245886309 5 9 5 F
2.279186053 5 10 5 F
2.305738356 5 11 5 F
2.352548997 5 12 5 F
2.390270238 5 13 5 F
2.438989387 5 14 5 F
2.476821462 5 0 5 F
2.488768497 5 1 5 F
2.538081531 5 2 5 F
2.550228324 5 3 5 F
2.582565630 5 4 5 F
2.611396998 5 5 5 F
2.627753791 5 6 5 F
2.668868213 5 7 5 F
2.692485168 5 8 5 F
2.734943275 5 9 5 F
2.774221755 5 10 5 F
2.819262417 5 11 5 F
2.864199314 5 12 5 F
2.893990172 5 13 5 F
2.914401546 5 14 5 F
2.953325400 5 0 5 F
2.995653883 5 1 5 F
3.018699694 5 2 5 F
3.043611764 5 3 5 F
3.077720718 5 4 5 F
0.000078272 2 2 2 C
0.079420022 2 2 3 C
0.110253125 2 2 4 C
0.133965192 2 2 5 C
0.162390245 2 2 6 C
0.205862619 2 2 7 C
0.253200554 2 2 8 C
0.294727063 2 2 9 C
0.353693382 2 2 10 C
0.384057631 2 2 11 C
0.402247185 2 2 12 C
0.461062163 2 2 13 C
0.492284194 2 2 14 C
0.522047252 2 2 0 C
0.546303070 2 2 1 C
0.575135225 2 2 2 C
0.622161928 2 2 3 C
0.651708039 2 2 4 C
0.668597476 2 2 5 C
0.710776388 2 2 6 C
0.736895612 2 2 7 C
0.778546775 2 2 8 C
0.825798652 2 2 9 C
0.874256627 2 2 10 C
0.899434338 2 2 11 C
0.948862571 2 2 12 C
0.974974399 2 2 13 C
0.997893522 2 2 14 C
1.020124305 2 2 0 C
1.070441506 2 2 1 C
1.113220305 2 2 2 C
1.188644054 2 2 3 C
1.213130491 2 2 4 C
1.257854689 2 2 5 C
1.300905385 2 2 6 C
1.343814816 2 2 7 C
1.393882587 2 2 8 C
1.445067656 2 2 9 C
1.488949359 2 2 10 C
1.516754313 2 2 11 C
1.588213430 2 2 12 C
1.629086142 2 2 13 C
1.679760864 2 2 14 C
1.718674801 2 2 0 C
1.760081721 2 2 1 C
1.777618135 2 2 2 C
1.797184578 2 2 3 C
1.812492531 2 2 4 C
1.840842161 2 2 5 C
1.868165831 2 2 6 C
1.899742947 2 2 7 C
1.929725693 2 2 8 C
1.976889912 2 2 9 C
2.020699071 2 2 10 C
2.071072801 2 2 11 C
2.106840719 2 2 12 C
2.127825236 2 2 13 C
2.184211970 2 2 14 C
2.223889765 2 2 0 C
2.236055308 2 2 1 C
2.268981434 2 2 2 C
2.315260685 2 2 3 C
2.357448313 2 2 4 C
2.408534753 2 2 5 C
2.453497529 2 2 6 C
2.476803917 2 2 7 C
2.515724655 2 2 8 C
2.543849426 2 2 9 C
2.562060195 2 2 10 C
2.582781315 2 2 11 C
2.611424182 2 2 12 C
2.660289048 2 2 13 C
2.703206717 2 2 14 C
2.727650352 2 2 0 C
2.751820785 2 2 1 C
2.789328656 2 2 2 C
2.829367888 2 2 3 C
2.876974256 2 2 4 C
2.903590527 2 2 5 C
2.923178442 2 2 6 C
2.974018337 2 2 7 C
2.988314521 2 2 8 C
3.028931209 2 2 9 C
3.064276468 2 2 10 C
3.113808614 2 2 11 C
3.162491957 2 2 12 C
3.179670157 2 2 13 C
3.200170015 2 2 14 C
3.240267066 2 2 0 C
0.000079041 7 7 7 H
0.029892988 7 6 7 H
0.052669159 7 5 7 H
0.100512041 7 4 7 H
0.133972362 7 3 7 H
0.156577248 7 2 7 H
0.198770425 7 1 7 H
0.211785461 7 0 7 H
0.256837213 7 14 7 H
0.274386442 7 13 7 H
0.297093989 7 12 7 H
0.326257387 7 11 7 H
0.369628793 7 10 7 H
0.418660858 7 9 7 H
0.436575414 7 8 7 H
0.449709724 7 7 7 H
0.492300627 7 6 7 H
0.533793658 7 5 7 H
0.582741642 7 4 7 H
0.617831353 7 3 7 H
0.640724845 7 2 7 H
0.651713877 7 1 7 H
0.697083084 7 0 7 H
0.746445965 7 14 7 H
0.780870878 7 13 7 H
0.824409093 7 12 7 H
0.861012730 7 11 7 H
0.898937558 7 10 7 H
0.937677017 7 9 7 H
0.990042724 7 8 7 H
1.036606800 7 7 7 H
1.077703796 7 6 7 H
1.106039037 7 5 7 H
1.143872211 7 4 7 H
1.165124203 7 3 7 H
1.211499053 7 2 7 H
1.261852176 7 1 7 H
1.309043957 7 0 7 H
1.351880885 7 14 7 H
1.376833309 7 13 7 H
1.423077757 7 12 7 H
1.450337877 7 11 7 H
1.498550262 7 10 7 H
1.523542017 7 9 7 H
1.588747003 7 8 7 H
1.631561573 7 7 7 H
1.658589785 7 6 7 H
1.690769984 7 5 7 H
1.731280622 7 4 7 H
1.757085788 7 3 7 H
1.807716879 7 2 7 H
1.832612120 7 1 7 H
1.857680298 7 0 7 H
1.901755277 7 14 7 H
1.944453703 7 13 7 H
1.993243077 7 12 7 H
2.026877620 7 11 7 H
2.057931833 7 10 7 H
2.081685900 7 9 7 H
2.106818052 7 8 7 H
2.131187113 7 7 7 H
2.178989372 7 6 7 H
2.228618218 7 5 7 H
2.243031527 7 4 7 H
2.285923999 7 3 7 H
2.304161099 7 2 7 H
2.339589177 7 1 7 H
2.387568131 7 0 7 H
2.432132615 7 14 7 H
2.480922658 7 13 7 H
2.531819204 7 12 7 H
2.574100577 7 11 7 H
2.604877162 7 10 7 H
2.634951733 7 9 7 H
2.646606635 7 8 7 H
2.678042524 7 7 7 H
2.689695462 7 6 7 H
2.734929182 7 5 7 H
2.762690575 7 4 7 H
2.787509995 7 3 7 H
2.817933225 7 2 7 H
2.861250561 7 1 7 H
2.901251990 7 0 7 H
2.932985934 7 14 7 H
2.976770396 7 13 7 H
3.019859081 7 12 7 H
3.035659442 7 11 7 H
3.052997832 7 10 7 H
3.089531263 7 9 7 H
3.106396528 7 8 7 H
3.138599503 7 7 7 H
3.179234812 7 6 7 H
3.206041976 7 5 7 H
3.228600546 7 4 7 H
3.273766328 7 3 7 H
3.308944532 7 2 7 H
3.346763433 7 1 7 H
