-1 35 15 15
0.001837 13 5 9 D
0.023304 13 15 15 D
0.001844 20 4 2 K
0.034866 20 15 15 K
0.001838 14 5 4 E
0.031352 14 4 4 E
0.054950 14 4 3 E
0.099553 14 15 15 E
0.001834 10 2 5 A
0.023634 10 3 5 A
0.042290 10 3 6 A
0.088303 10 2 6 A
0.115689 10 1 6 A
0.134129 10 1 7 A
0.184505 10 0 7 A
0.223514 10 0 6 A
0.247284 10 1 6 A
0.269575 10 15 15 A
0.001836 12 4 6 C
0.023292 12 4 5 C
0.063266 12 4 6 C
0.076966 12 4 5 C
0.103946 12 4 6 C
0.153525 12 5 6 C
0.201381 12 5 7 C
0.240659 12 5 8 C
0.270263 12 15 15 C
0.001839 15 11 6 F
0.026495 15 11 7 F
0.045878 15 11 6 F
0.068833 15 10 6 F
0.090240 15 10 7 F
0.138069 15 10 6 F
0.160953 15 9 6 F
0.200041 15 8 6 F
0.232521 15 7 6 F
0.257091 15 8 6 F
0.281875 15 8 5 F
0.304441 15 9 5 F
0.320873 15 9 6 F
0.333852 15 10 6 F
0.349410 15 10 5 F
0.370072 15 9 5 F
0.386032 15 8 5 F
0.400515 15 7 5 F
0.432857 15 7 4 F
0.478372 15 7 3 F
0.520481 15 6 3 F
0.539397 15 15 15 F
0.001843 19 4 13 J
0.023639 19 4 14 J
0.056757 19 3 14 J
0.081214 19 2 14 J
0.096545 19 3 14 J
0.119812 19 2 14 J
0.137872 19 2 13 J
0.159529 19 2 14 J
0.192601 19 1 14 J
0.229170 19 0 14 J
0.250391 19 1 14 J
0.292191 19 0 14 J
0.332114 19 1 14 J
0.352309 19 1 13 J
0.400523 19 1 12 J
0.432864 19 2 12 J
0.456628 19 3 12 J
0.476449 19 3 13 J
0.522440 19 3 14 J
0.562454 19 4 14 J
0.001848 24 5 10 O
0.036643 24 5 11 O
0.053112 24 4 11 O
0.070386 24 4 10 O
0.085525 24 5 10 O
0.131332 24 4 10 O
0.176616 24 3 10 O
0.227166 24 3 9 O
0.257512 24 3 10 O
0.271974 24 3 11 O
0.309920 24 3 12 O
0.354495 24 2 12 O
0.370660 24 2 11 O
0.383985 24 1 11 O
0.410681 24 0 11 O
0.432869 24 14 11 O
0.472089 24 0 11 O
0.520079 24 1 11 O
0.546855 24 1 10 O
0.566827 24 15 15 O
0.001835 11 10 2 B
0.023623 11 9 2 B
0.056764 11 10 2 B
0.088310 11 10 1 B
0.105981 11 9 1 B
0.151869 11 9 2 B
0.188089 11 10 2 B
0.200034 11 10 1 B
0.244434 11 11 1 B
0.293422 11 11 2 B
0.306639 11 11 1 B
0.337302 11 11 0 B
0.359619 11 11 14 B
0.397104 11 12 14 B
0.420611 11 12 13 B
0.444312 11 12 14 B
0.469057 11 13 14 B
0.487438 11 14 14 B
0.502577 11 14 0 B
0.523113 11 14 14 B
0.570656 11 0 14 B
0.001841 17 10 7 H
0.015981 17 10 8 H
0.032771 17 11 8 H
0.050868 17 12 8 H
0.094609 17 12 9 H
0.137866 17 13 9 H
0.170375 17 14 9 H
0.223520 17 0 9 H
0.237540 17 0 10 H
0.288214 17 0 9 H
0.300930 17 14 9 H
0.349177 17 14 8 H
0.388257 17 14 7 H
0.432607 17 14 6 H
0.456547 17 13 6 H
0.479041 17 12 6 H
0.501209 17 11 6 H
0.525352 17 11 5 H
0.535977 17 10 5 H
0.566906 17 10 4 H
0.598340 17 9 4 H
0.634543 17 10 4 H
0.667591 17 11 4 H
0.717243 17 10 4 H
0.744405 17 9 4 H
0.771855 17 9 3 H
0.804501 17 9 2 H
0.845175 17 9 1 H
0.001846 22 11 10 M
0.029153 22 10 10 M
0.048187 22 11 10 M
0.083557 22 11 9 M
0.103938 22 10 9 M
0.121869 22 11 9 M
0.133835 22 10 9 M
0.148474 22 10 8 M
0.180052 22 11 8 M
0.221106 22 10 8 M
0.235048 22 9 8 M
0.270072 22 9 7 M
0.288144 22 8 7 M
0.331091 22 8 6 M
0.361190 22 8 7 M
0.391831 22 8 6 M
0.410928 22 9 6 M
0.448267 22 8 6 M
0.462874 22 8 7 M
0.506046 22 8 6 M
0.553706 22 8 7 M
0.592087 22 8 6 M
0.643068 22 9 6 M
0.688318 22 9 5 M
0.737154 22 8 5 M
0.758425 22 8 6 M
0.774250 22 8 7 M
0.806396 22 7 7 M
0.832265 22 6 7 M
0.847158 22 15 15 M
0.337291 25 2 5 0
1.022718 25 15 15 0
0.001840 16 11 8 G
0.032767 16 11 9 G
0.069046 16 11 8 G
0.093824 16 11 7 G
0.111758 16 11 6 G
0.151577 16 11 5 G
0.184966 16 11 6 G
0.221119 16 11 5 G
0.242914 16 11 6 G
0.263605 16 11 5 G
0.306791 16 11 6 G
0.332283 16 11 7 G
0.370067 16 12 7 G
0.410674 16 12 8 G
0.450471 16 12 9 G
0.498328 16 11 9 G
0.525488 16 10 9 G
0.554160 16 9 9 G
0.566923 16 9 10 G
0.594270 16 8 10 G
0.627142 16 7 10 G
0.659234 16 7 11 G
0.671313 16 7 12 G
0.686573 16 7 13 G
0.721810 16 8 13 G
0.753237 16 8 14 G
0.782152 16 8 0 G
0.804670 16 8 14 G
0.847081 16 9 14 G
0.898090 16 9 0 G
0.910785 16 8 0 G
0.946929 16 8 1 G
0.974973 16 8 2 G
1.017095 16 8 1 G
1.033795 16 7 1 G
1.060326 16 6 1 G
1.097178 16 6 0 G
1.121331 16 6 1 G
1.166441 16 6 0 G
1.188438 16 7 0 G
1.224265 16 7 14 G
1.258555 16 8 14 G
1.291104 16 8 0 G
1.331335 16 8 14 G
1.367861 16 7 14 G
0.001842 18 8 0 I
0.048592 18 7 0 I
0.090634 18 7 1 I
0.101142 18 6 1 I
0.128284 18 7 1 I
0.163066 18 7 2 I
0.188621 18 7 1 I
0.232448 18 7 2 I
0.252351 18 6 2 I
0.299661 18 6 1 I
0.332121 18 5 1 I
0.366175 18 5 0 I
0.388365 18 4 0 I
0.418218 18 4 1 I
0.466099 18 3 1 I
0.506502 18 3 0 I
0.531622 18 4 0 I
0.565182 18 4 1 I
0.609587 18 3 1 I
0.626676 18 3 0 I
0.663027 18 4 0 I
0.708946 18 5 0 I
0.729188 18 5 14 I
0.774109 18 5 13 I
0.822278 18 4 13 I
0.849593 18 3 13 I
0.890858 18 3 14 I
0.910811 18 3 13 I
0.929901 18 2 13 I
0.978387 18 1 13 I
0.993084 18 1 12 I
1.006001 18 2 12 I
1.037798 18 3 12 I
1.079917 18 2 12 I
1.104249 18 2 13 I
1.118075 18 3 13 I
1.154543 18 2 13 I
1.200448 18 3 13 I
1.220120 18 3 12 I
1.258666 18 4 12 I
1.304296 18 3 12 I
1.351900 18 3 11 I
1.397936 18 3 10 I
1.437221 18 3 9 I
1.457967 18 15 15 I
1.241236 26 7 9 1
1.533951 26 7 8 1
1.692557 26 15 15 1
1.562097 33 8 13 8
2.006250 33 15 15 8
1.382743 31 4 11 6
2.242380 31 15 15 6
1.638112 34 0 8 9
2.312894 34 15 15 9
0.001847 23 6 11 N
0.025160 23 6 10 N
0.054795 23 5 10 N
0.081219 23 5 11 N
0.107858 23 4 11 N
0.156074 23 5 11 N
0.203901 23 4 11 N
0.229162 23 3 11 N
0.247267 23 3 12 N
0.294954 23 4 12 N
0.314059 23 5 12 N
0.351018 23 5 13 N
0.385560 23 5 12 N
0.408354 23 5 13 N
0.448261 23 5 12 N
0.478367 23 5 13 N
0.511927 23 4 13 N
0.545113 23 4 12 N
0.579318 23 4 11 N
0.626468 23 5 11 N
0.654557 23 6 11 N
0.702129 23 6 12 N
0.718245 23 5 12 N
0.733472 23 5 11 N
0.768894 23 5 12 N
0.813155 23 4 12 N
0.857956 23 5 12 N
0.900935 23 4 12 N
0.951032 23 4 13 N
1.001280 23 3 13 N
1.030950 23 3 14 N
1.076677 23 3 0 N
1.118244 23 2 0 N
1.168795 23 2 1 N
1.184536 23 2 2 N
1.203468 23 1 2 N
1.250348 23 1 1 N
1.294723 23 1 2 N
1.343719 23 2 2 N
1.387571 23 1 2 N
1.411565 23 1 3 N
1.459858 23 0 3 N
1.486112 23 1 3 N
1.517378 23 2 3 N
1.529215 23 1 3 N
1.556198 23 2 3 N
1.595934 23 1 3 N
1.631074 23 2 3 N
1.693478 23 1 3 N
1.707915 23 1 2 N
1.726484 23 0 2 N
1.767502 23 14 2 N
1.818345 23 14 1 N
1.892494 23 13 1 N
1.912031 23 13 0 N
1.945452 23 14 0 N
1.980006 23 14 14 N
2.010135 23 13 14 N
2.029391 23 14 14 N
2.070962 23 13 14 N
2.093917 23 13 13 N
2.156482 23 14 13 N
2.179914 23 14 12 N
2.227431 23 0 12 N
2.262978 23 14 12 N
2.300765 23 13 12 N
2.324632 23 13 13 N
2.358907 23 14 13 N
1.268238 27 7 4 2
2.689012 27 15 15 2
0.001845 21 13 11 L
0.034968 21 13 10 L
0.063276 21 12 10 L
0.087988 21 12 11 L
0.112431 21 12 12 L
0.133840 21 11 12 L
0.176538 21 10 12 L
0.221114 21 11 12 L
0.270925 21 12 12 L
0.316079 21 12 13 L
0.328490 21 11 13 L
0.371358 21 12 13 L
0.384015 21 11 13 L
0.421158 21 11 12 L
0.452499 21 11 13 L
0.493520 21 11 12 L
0.506931 21 10 12 L
0.546429 21 10 11 L
0.593887 21 10 12 L
0.613899 21 10 13 L
0.634551 21 11 13 L
0.666256 21 12 13 L
0.702448 21 12 12 L
0.731363 21 12 11 L
0.768786 21 12 12 L
0.782145 21 11 12 L
0.830040 21 11 13 L
0.863695 21 10 13 L
0.898083 21 11 13 L
0.913047 21 11 14 L
0.958654 21 11 13 L
1.003814 21 11 12 L
1.021243 21 10 12 L
1.043669 21 11 12 L
1.074879 21 11 11 L
1.115130 21 11 12 L
1.145404 21 11 11 L
1.180928 21 11 12 L
1.203015 21 10 12 L
1.219862 21 10 11 L
1.244490 21 9 11 L
1.280484 21 9 10 L
1.318167 21 9 9 L
1.329229 21 9 8 L
1.380930 21 10 8 L
1.402044 21 10 9 L
1.414022 21 9 9 L
1.459626 21 10 9 L
1.486358 21 9 9 L
1.517914 21 8 9 L
1.533948 21 7 9 L
1.595392 21 7 10 L
1.624417 21 7 9 L
1.668961 21 7 10 L
1.714012 21 8 10 L
1.729216 21 9 10 L
1.741602 21 8 10 L
1.791906 21 9 10 L
1.836998 21 8 10 L
1.893577 21 7 10 L
1.945193 21 6 10 L
1.961339 21 6 11 L
1.988457 21 6 12 L
2.029879 21 6 13 L
2.063414 21 6 12 L
2.093863 21 6 13 L
2.139350 21 7 13 L
2.155511 21 8 13 L
2.175036 21 7 13 L
2.215531 21 6 13 L
2.238678 21 7 13 L
2.249972 21 6 13 L
2.263157 21 6 12 L
2.284521 21 6 13 L
2.309060 21 5 13 L
2.355306 21 5 14 L
2.384178 21 5 0 L
2.420526 21 6 0 L
2.466678 21 6 14 L
2.503586 21 6 13 L
2.540056 21 7 13 L
2.557225 21 7 12 L
2.574001 21 8 12 L
2.618230 21 7 12 L
2.636563 21 7 13 L
2.689337 21 7 12 L
2.704865 21 7 11 L
2.735299 21 6 11 L
2.767909 21 5 11 L
2.783231 21 5 10 L
2.814613 21 5 11 L
2.864087 21 5 12 L
2.896869 21 4 12 L
2.939375 21 4 11 L
2.973462 21 5 11 L
0.621413 29 0 9 4
3.208429 29 15 15 4
1.017186 28 12 14 3
3.894221 28 15 15 3
0.298877 32 9 10 7
0.566925 32 9 11 7
1.244494 32 9 10 7
1.280487 32 9 9 7
1.318171 32 9 8 7
1.329232 32 9 7 7
4.327312 32 15 15 7
0.942801 30 4 5 5
4.363691 30 15 15 5
0.001829 9 1 9 #
0.566825 9 1 9 o
0.667559 9 1 9 #
0.001510 0 3 2 #
0.034863 0 3 2 k
0.135961 0 3 2 #
0.001513 1 4 9 #
0.023301 1 4 9 d
0.124749 1 4 9 #
1.457963 1 4 9 i
1.558494 1 4 9 #
0.001541 2 11 3 #
0.001543 3 5 5 #
0.001510 4 14 10 #
0.001809 5 8 4 #
0.001812 6 5 3 #
0.099549 6 5 3 e
0.199718 6 5 3 #
0.539393 6 5 3 f
0.643253 6 5 3 #
0.001813 7 6 8 #
0.270259 7 6 8 c
0.370749 7 6 8 #
0.847157 7 6 8 m
0.948950 7 6 8 #
0.001827 8 1 5 #
0.269572 8 1 5 a
0.369694 8 1 5 #
