-1 15 15 15
0.000043476  0  7  2  A
0.073522886  0  7  1  A
0.088971908  0  8  1  A
0.133885135  0  9  1  A
0.174355121  0 10  1  A
0.216964605  0 10  0  A
0.229397581  0 11  0  A
0.251065319  0 10  0  A
0.283309818  0 10 14  A
0.327370323  0 10 13  A
0.378665072  0 10 14  A
0.418403323  0 10  0  A
0.449418852  0 11  0  A
0.491902710  0 10  0  A
0.522341565  0  9  0  A
0.558274148  0  8  0  A
0.607391064  0  8  1  A
0.626552586  0  9  1  A
0.659327933  0  9  0  A
0.682447971  0  9  1  A
0.710671613  0  8  1  A
0.759336968  0  7  1  A
0.780792285  0  6  1  A
0.823843004  0  6  2  A
0.837541920  0  6  3  A
0.973274859  0  6  3  a
0.000049396  1 14  1  B
0.035667450  1 13  1  B
0.074497668  1 12  1  B
0.115624525  1 12  0  B
0.153292010  1 12  1  B
0.205870648  1 11  1  B
0.251067387  1 11  0  B
0.286099214  1 11 14  B
0.333555904  1 10 14  B
0.378662674  1 10  0  B
0.418400568  1  9  0  B
0.435583428  1  9 14  B
0.471308186  1 10 14  B
0.497576950  1 11 14  B
0.540182404  1 12 14  B
0.572253137  1 13 14  B
0.601819658  1 13 13  B
0.639042806  1 13 14  B
0.652157617  1 13 13  B
0.682357427  1 14 13  B
0.719843421  1  0 13  B
0.770513545  1  1 13  B
0.820345606  1  0 13  B
0.866099029  1  0 12  B
0.883227823  1  0 13  B
0.939822838  1 14 13  B
0.973027506  1 14 12  B
1.002252486  1 13 12  B
1.049673170  1 12 12  B
1.090720523  1 12 11  B
1.144615841  1 11 11  B
1.163252980  1 11 12  B
1.224275294  1 11 11  B
1.254712137  1 11 12  B
1.355942625  1 11 11  B
1.397243648  1 11 12  B
1.452584381  1 11 11  B
1.494663507  1 12 11  B
1.552870312  1 11 11  B
1.585522113  1 12 11  B
1.633370390  1 11 11  B
1.658297987  1 11 12  B
0.000049715  2 14 13  C
0.073514675  2  0 13  C
0.115579532  2  0 12  C
0.137165204  2  1 12  C
0.174666414  2  2 12  C
0.190587658  2  2 13  C
0.216814962  2  1 13  C
0.243162768  2  0 13  C
0.256528050  2 14 13  C
0.285642705  2 14 14  C
0.325937735  2 14 13  C
0.346256127  2 14 12  C
0.412896635  2 14 11  C
0.438281224  2 14 12  C
0.469221560  2 14 11  C
0.506419999  2 13 11  C
0.522345563  2 13 10  C
0.543644529  2 12 10  C
0.574266468  2 12 11  C
0.612879503  2 11 11  C
0.648200699  2 11 12  C
0.671246328  2 11 11  C
0.682445765  2 11 10  C
0.709228076  2 12 10  C
0.751775158  2 11 10  C
0.785860110  2 10 10  C
0.819460362  2 10 11  C
0.864403225  2 10 12  C
0.939818252  2 10 11  C
0.967901478  2 11 11  C
1.013819187  2 12 11  C
1.035626569  2 11 11  C
1.053603395  2 11 12  C
1.093385517  2 11 13  C
1.143565449  2 11 14  C
1.153801058  2 11  0  C
1.222184789  2 12  0  C
1.250351202  2 12 14  C
1.355590006  2 12  0  C
1.396984850  2 12 14  C
1.441415617  2 13 14  C
1.495892652  2 12 14  C
1.516413067  2 13 14  C
1.552876830  2 12 14  C
1.580895765  2 12  0  C
1.618472480  2 12  1  C
1.636104555  2 13  1  C
1.658970675  2 13  2  C
1.682157534  2 12  2  C
1.748622075  2 12  1  C
1.781040417  2 12  2  C
1.838677708  2 11  2  C
1.890221898  2 11  1  C
1.938511150  2 11  2  C
2.116784636  2 11  2  c
0.000049968  3  6  3  D
0.035787707  3  6  4  D
0.074513596  3  5  4  D
0.116539112  3  6  4  D
0.133899101  3  5  4  D
0.160904844  3  5  3  D
0.294235190  3  5  3  d
0.000050278  4 14  8  E
0.031998840  4 14  7  E
0.074491559  4 13  7  E
0.151952181  4 14  7  E
0.205864996  4 14  6  E
0.219765910  4 14  7  E
0.251411288  4  0  7  E
0.282165320  4  0  6  E
0.325933877  4  0  7  E
0.356277079  4  0  6  E
0.373301273  4 14  6  E
0.412892132  4 14  7  E
0.429786736  4 14  6  E
0.461176536  4 14  7  E
0.510640093  4 14  6  E
0.563168129  4  0  6  E
0.587747076  4  1  6  E
0.603491868  4  1  7  E
0.639039508  4  2  7  E
0.671248962  4  2  6  E
0.698782066  4  2  7  E
0.720351400  4  2  6  E
0.759334506  4  1  6  E
0.818689439  4  1  7  E
0.852378054  4  0  7  E
0.893511958  4  1  7  E
0.939826022  4  1  8  E
0.957462053  4  1  9  E
0.973025009  4  1 10  E
1.025237800  4  1  9  E
1.037636833  4  1  8  E
0.000050542  5  1  6  F
0.027767963  5  0  6  F
0.073469470  5 14  6  F
0.120024725  5 14  7  F
0.151949939  5 14  6  F
0.205860934  5 14  5  F
0.251069773  5 13  5  F
0.263849484  5 13  6  F
0.277276354  5 12  6  F
0.412875476  5 12  6  f
0.000050791  6 14  9  G
0.073848166  6 14  8  G
0.115545812  6 14  9  G
0.127929161  6 14 10  G
0.167789338  6 14  9  G
0.190005918  6 14  8  G
0.234525225  6 13  8  G
0.246308209  6 13  7  G
0.277283703  6 13  6  G
0.427545557  6 13  6  g
0.000051027  7 14 14  H
0.073519016  7 14 13  H
0.120014301  7  0 13  H
0.133889278  7  0 14  H
0.154640602  7  0  0  H
0.194953273  7 14  0  H
0.235309102  7 14  1  H
0.275239468  7  0  1  H
0.327364867  7  1  1  H
0.373305376  7  1  0  H
0.412903042  7  2  0  H
0.431521226  7  2 14  H
0.454634719  7  1 14  H
0.478236375  7  0 14  H
0.527505751  7  1 14  H
0.548482451  7  1 13  H
0.565717135  7  2 13  H
0.599586649  7  2 12  H
0.615560168  7  2 11  H
0.652159900  7  3 11  H
0.685547556  7  2 11  H
0.709165687  7  3 11  H
0.744744000  7  4 11  H
0.770600226  7  3 11  H
0.818683562  7  2 11  H
0.865839143  7  2 12  H
0.893115225  7  1 12  H
0.938419910  7  1 11  H
0.986232790  7  0 11  H
1.146585067  7  0 11  h
0.000380565  8  9  2  I
0.022833511  8  8  2  I
0.074507909  8  7  2  I
0.123817928  8  6  2  I
0.148165417  8  7  2  I
0.163084851  8  7  1  I
0.216967898  8  7  2  I
0.261585464  8  7  3  I
0.325926355  8  8  3  I
0.366387654  8  7  3  I
0.418792553  8  8  3  I
0.449190333  8  9  3  I
0.491905391  8  9  2  I
0.506416764  8 10  2  I
0.548221429  8 11  2  I
0.587768155  8 11  3  I
0.709212162  8 11  3  i
0.000382389  9  0 10  J
0.019945218  9 14 10  J
0.074511144  9  0 10  J
0.227227662  9  0 10  j
0.000382679 10 13  3  K
0.025551679 10 13  2  K
0.074504163 10 12  2  K
0.123839958 10 12  1  K
0.153289799 10 13  1  K
0.205873052 10 12  1  K
0.231290786 10 12  2  K
0.263623561 10 12  3  K
0.286010246 10 12  2  K
0.329337740 10 12  1  K
0.352469572 10 12  0  K
0.373650159 10 12 14  K
0.388264511 10 13 14  K
0.429481346 10 13  0  K
0.472758214 10 13  1  K
0.497206741 10 13  2  K
0.544509524 10 13  3  K
0.587739427 10 12  3  K
0.744723344 10 12  3  k
0.000382850 11  0  9  L
0.073880980 11 14  9  L
0.115422232 11  0  9  L
0.254553154 11  0  9  l
0.000383057 12  7  0  M
0.019942520 12  8  0  M
0.037281667 12  8 14  M
0.088635908 12  9 14  M
0.126005803 12  9  0  M
0.174357817 12  9  1  M
0.224775352 12  8  1  M
0.235803427 12  8  0  M
0.280186311 12  8  1  M
0.329340671 12  7  1  M
0.343472690 12  6  1  M
0.363380427 12  5  1  M
0.412900327 12  5  0  M
0.454636750 12  6  0  M
0.495388086 12  6  1  M
0.506666534 12  6  0  M
0.527509842 12  6  1  M
0.543359543 12  6  0  M
0.587764417 12  5  0  M
0.625801544 12  5 14  M
0.669676644 12  5 13  M
0.682356182 12  6 13  M
0.709168137 12  6 12  M
0.730428859 12  6 13  M
0.744718916 12  5 13  M
0.771078437 12  6 13  M
0.819463711 12  6 12  M
0.837235014 12  5 12  M
0.861598790 12  5 13  M
0.938425167 12  5 14  M
0.950344402 12  6 14  M
0.992987734 12  6  0  M
1.032155276 12  5  0  M
1.053600183 12  4  0  M
1.096279979 12  4 14  M
1.144610255 12  4  0  M
1.163249206 12  5  0  M
1.224047080 12  5  1  M
1.250365692 12  5  0  M
1.355597098 12  6  0  M
1.396989243 12  5  0  M
1.441410755 12  5  1  M
1.483668022 12  5  0  M
1.552429880 12  5 14  M
0.000610751 13  8  9  N
0.037182284 13  8  8  N
0.073526620 13  7  8  N
0.088974736 13  7  9  N
0.115572778 13  8  9  N
0.140596139 13  8  8  N
0.158297541 13  9  8  N
0.191728801 13 10  8  N
0.241386641 13 11  8  N
0.285644442 13 11  9  N
0.298261614 13 11  8  N
0.327373086 13 12  8  N
0.373303472 13 12  7  N
0.388673749 13 11  7  N
0.425684764 13 11  6  N
0.449435524 13 11  7  N
0.472739953 13 10  7  N
0.510356033 13 10  6  N
0.554274874 13 10  7  N
0.584794875 13  9  7  N
0.603240535 13  9  6  N
0.641227270 13  9  7  N
0.000611081 14  6  4  O
0.035786034 14  5  4  O
0.074501038 14  5  3  O
0.123821473 14  5  2  O
0.275231150 14  5  2  o
