-1 15 15 15
0.020 4 6 3 E
0.020 11 1 7 L
0.021 3 10 7 D
0.021 13 4 6 N
0.025 5 13 14 F
0.031 7 13 1 H
0.033 10 13 3 K
0.036 9 5 7 J
0.040 13 3 6 N
0.040 4 6 4 E
0.040 14 8 8 O
0.040 6 13 11 G
0.040 0 11 4 A
0.043 3 10 6 D
0.047 2 12 1 C
0.047 8 8 6 I
0.050 1 3 7 B
0.051 12 9 5 M
0.051 10 13 2 K
0.060 11 0 7 L
0.061 7 12 1 H
0.061 13 4 6 N
0.061 0 12 4 A
0.061 9 4 7 J
0.064 6 13 12 G
0.071 14 9 8 O
0.071 5 13 0 F
0.071 12 10 5 M
0.073 13 5 6 N
0.076 3 11 6 D
0.084 4 6 3 E
0.087 9 4 8 J
0.090 0 12 5 A
0.090 11 1 7 L
0.091 10 13 3 K
0.091 13 4 6 N
0.092 14 9 7 O
0.092 8 7 6 I
0.093 12 9 5 M
0.094 1 2 7 B
0.094 2 12 2 C
0.102 6 14 12 G
0.105 5 12 0 F
0.105 7 12 0 H
0.105 14 8 7 O
0.107 10 13 2 K
0.113 0 12 4 A
0.120 10 13 1 K
0.120 13 4 5 N
0.123 3 10 6 D
0.123 9 3 8 J
0.128 12 8 5 M
0.130 1 2 8 B
0.130 4 7 3 E
0.133 6 14 11 G
0.133 11 1 8 L
0.133 8 8 6 I
0.136 7 11 0 H
0.141 2 13 2 C
0.144 14 8 6 O
0.146 6 14 12 G
0.148 5 12 14 F
0.150 3 10 7 D
0.150 13 4 6 N
0.153 2 12 2 C
0.155 12 9 5 M
0.156 10 12 1 K
0.160 3 9 7 D
0.163 0 12 3 A
0.163 8 8 7 I
0.168 1 2 7 B
0.170 9 3 7 J
0.170 4 7 4 E
0.174 5 13 14 F
0.175 11 1 7 L
0.176 10 12 0 K
0.176 13 3 6 N
0.179 6 14 11 G
0.181 1 2 8 B
0.183 7 10 0 H
0.185 12 10 5 M
0.190 14 7 6 O
0.192 6 0 11 G
0.194 11 2 7 L
0.201 9 2 7 J
0.201 4 7 5 E
0.201 10 12 1 K
0.201 2 13 2 C
0.204 3 9 8 D
0.206 14 6 6 O
0.206 12 10 6 M
0.208 13 4 6 N
0.210 8 8 8 I
0.210 1 2 9 B
0.210 7 11 0 H
0.212 4 7 6 E
0.212 0 12 4 A
0.212 5 14 14 F
0.216 10 13 1 K
0.222 6 0 12 G
0.222 12 10 5 M
0.226 5 14 13 F
0.226 14 6 7 O
0.232 9 2 6 J
0.236 3 8 8 D
0.238 5 14 12 F
0.241 11 2 6 L
0.241 1 3 9 B
0.244 13 3 6 N
0.246 6 0 13 G
0.247 2 12 2 C
0.247 7 10 0 H
0.247 8 7 8 I
0.251 4 6 6 E
0.251 12 9 5 M
0.257 10 13 2 K
0.257 3 8 7 D
0.257 14 6 8 O
0.260 1 2 9 B
0.263 9 3 6 J
0.263 0 13 4 A
0.268 6 14 13 G
0.272 12 10 5 M
0.272 14 5 8 O
0.274 7 9 0 H
0.274 1 3 9 B
0.274 8 8 8 I
0.275 3 7 7 D
0.275 13 3 7 N
0.283 0 13 3 A
0.285 4 7 6 E
0.289 10 12 2 K
0.289 5 14 13 F
0.290 11 3 6 L
0.294 12 9 5 M
0.295 2 13 2 C
0.295 0 13 2 A
0.300 1 3 10 B
0.300 7 8 0 H
0.301 10 11 2 K
0.302 9 3 7 J
0.303 8 9 8 I
0.305 4 8 6 E
0.310 3 7 8 D
0.313 13 4 7 N
0.313 6 0 13 G
0.313 5 13 13 F
0.316 14 4 8 O
0.316 0 13 3 A
0.321 12 10 5 M
0.323 11 4 6 L
0.323 13 3 7 N
0.327 5 12 13 F
0.329 9 3 6 J
0.331 8 8 8 I
0.336 6 1 13 G
0.338 12 10 4 M
0.340 9 4 6 J
0.343 1 3 11 B
0.343 4 8 5 E
0.343 0 13 4 A
0.344 2 13 3 C
0.346 14 3 8 O
0.346 10 10 2 K
0.346 8 7 8 I
0.347 3 7 9 D
0.350 7 7 0 H
0.352 13 3 6 N
0.352 9 4 7 J
0.354 6 1 12 G
0.358 10 11 2 K
0.361 8 8 8 I
0.363 7 6 0 H
0.365 5 11 13 F
0.365 11 4 5 L
0.365 0 14 4 A
0.369 1 2 11 B
0.371 3 7 10 D
0.378 12 11 4 M
0.379 14 3 7 O
0.381 2 14 3 C
0.381 5 11 12 F
0.383 4 8 4 E
0.383 8 7 8 I
0.383 13 3 5 N
0.388 10 12 2 K
0.390 12 10 4 M
0.390 9 3 7 J
0.392 6 1 13 G
0.395 4 7 4 E
0.396 11 4 6 L
0.400 3 7 9 D
0.403 12 10 3 M
0.405 1 3 11 B
0.405 0 14 3 A
0.409 13 2 5 N
0.412 7 6 14 H
0.416 0 0 3 A
0.416 12 10 4 M
0.418 2 0 3 C
0.420 8 7 9 I
0.420 9 2 7 J
0.424 13 1 5 N
0.424 3 8 9 D
0.424 4 7 3 E
0.425 6 2 13 G
0.425 7 6 0 H
0.425 14 3 8 O
0.430 5 10 12 F
0.435 12 9 4 M
0.438 10 11 2 K
0.439 11 3 6 L
0.439 1 2 11 B
0.440 7 5 0 H
0.441 0 1 3 A
0.449 8 7 10 I
0.454 14 2 8 O
0.454 12 9 3 M
0.457 6 2 14 G
0.460 9 1 7 J
0.460 2 0 2 C
0.460 7 5 14 H
0.461 13 2 5 N
0.467 3 8 10 D
0.468 10 10 2 K
0.472 5 10 13 F
0.472 1 2 10 B
0.475 4 7 2 E
0.478 0 0 3 A
0.481 8 7 11 I
0.482 11 3 5 L
0.486 1 2 9 B
0.487 14 2 9 O
0.489 3 9 10 D
0.490 4 8 2 E
0.492 12 10 3 M
0.493 10 10 3 K
0.494 2 14 2 C
0.495 13 2 6 N
0.500 6 2 0 G
0.503 8 7 12 I
0.506 4 9 2 E
0.506 7 5 13 H
0.506 11 3 4 L
0.506 2 14 3 C
0.508 9 2 7 J
0.513 12 10 4 M
0.515 14 2 10 O
0.516 5 10 14 F
0.522 1 3 9 B
0.524 11 4 4 L
0.525 0 14 3 A
0.527 2 14 4 C
0.527 8 7 13 I
0.527 9 1 7 J
0.532 3 9 11 D
0.532 6 3 0 G
0.537 13 2 7 N
0.537 7 4 13 H
0.537 4 9 1 E
0.539 0 0 3 A
0.541 10 10 2 K
0.541 5 11 14 F
0.547 6 3 1 G
0.547 1 3 8 B
0.550 12 11 4 M
0.552 14 3 10 O
0.552 7 3 13 H
0.553 11 3 4 L
0.553 10 10 3 K
0.555 8 7 12 I
0.558 2 14 3 C
0.565 13 3 7 N
0.571 5 12 14 F
0.574 9 0 7 J
0.574 0 0 4 A
0.575 3 9 12 D
0.583 4 10 1 E
0.583 1 3 9 B
0.583 8 7 13 I
0.585 6 2 1 G
0.589 7 3 14 H
0.590 12 12 4 M
0.592 3 8 12 D
0.594 14 3 9 O
0.594 2 0 3 C
0.600 7 3 0 H
0.600 9 1 7 J
0.600 10 9 3 K
0.600 11 2 4 L
0.609 2 0 4 C
0.610 4 10 2 E
0.611 13 3 8 N
0.612 0 1 4 A
0.612 5 13 14 F
0.614 6 2 0 G
0.615 9 1 6 J
0.623 7 3 14 H
0.624 14 4 9 O
0.627 11 3 4 L
0.632 1 3 10 B
0.632 13 2 8 N
0.632 8 7 12 I
0.636 10 8 3 K
0.636 5 12 14 F
0.637 3 9 12 D
0.637 2 14 4 C
0.638 12 11 4 M
0.644 9 1 5 J
0.644 14 4 10 O
0.644 6 3 0 G
0.647 4 9 2 E
0.649 5 11 14 F
0.655 6 3 14 G
0.656 2 0 4 C
0.658 12 12 4 M
0.658 1 2 10 B
0.660 0 1 3 A
0.665 7 3 0 H
0.668 14 4 11 O
0.670 12 12 3 M
0.670 11 2 4 L
0.672 13 2 7 N
0.675 7 3 14 H
0.676 4 9 3 E
0.679 9 1 6 J
0.681 8 8 12 I
0.685 10 8 2 K
0.687 1 2 9 B
0.687 11 3 4 L
0.687 3 9 11 D
0.688 0 0 3 A
0.691 6 4 14 G
0.696 13 1 7 N
0.696 5 11 13 F
0.698 10 9 2 K
0.699 12 12 2 M
0.702 2 0 3 C
0.706 9 1 5 J
0.711 10 9 3 K
0.713 4 10 3 E
0.715 0 0 4 A
0.715 8 8 11 I
0.715 5 11 12 F
0.715 3 10 11 D
0.717 14 4 10 O
0.720 1 3 9 B
0.720 7 2 14 H
0.722 6 3 14 G
0.725 11 4 4 L
0.736 12 12 3 M
0.736 7 3 14 H
0.736 10 10 3 K
0.737 14 4 9 O
0.741 6 3 13 G
0.746 13 0 7 N
0.746 9 1 6 J
0.747 14 5 9 O
0.749 5 10 12 F
0.749 3 10 10 D
0.754 0 14 4 A
0.758 13 14 7 N
0.760 4 10 2 E
0.763 10 9 3 K
0.763 8 8 10 I
0.765 1 2 9 B
0.771 9 0 6 J
0.773 14 6 9 O
0.773 0 0 4 A
0.775 11 4 3 L
0.777 5 10 13 F
0.779 12 11 3 M
0.788 3 11 10 D
0.788 13 13 7 N
0.788 5 11 13 F
0.788 9 14 6 J
0.788 8 8 11 I
0.788 6 2 13 G
0.788 4 10 1 E
0.793 10 9 4 K
0.798 1 2 8 B
0.801 9 13 6 J
0.816 12 12 3 M
0.817 14 7 9 O
0.820 0 0 5 A
0.821 10 9 5 K
0.824 5 11 12 F
0.825 11 5 3 L
0.825 13 14 7 N
0.827 6 1 13 G
0.831 8 7 11 I
0.833 4 10 2 E
0.839 3 11 9 D
0.844 6 1 12 G
0.844 14 7 10 O
0.844 1 2 9 B
0.850 11 4 3 L
0.850 9 12 6 J
0.852 0 1 5 A
0.854 8 6 11 I
0.860 6 1 13 G
0.860 10 9 4 K
0.862 13 14 6 N
0.862 12 11 3 M
0.866 9 13 6 J
0.869 14 8 10 O
0.882 4 10 3 E
0.882 11 3 3 L
0.882 0 1 6 A
0.882 5 10 12 F
0.882 12 10 3 M
0.882 1 1 9 B
0.882 3 11 8 D
0.882 6 0 13 G
0.896 5 10 11 F
0.896 14 7 10 O
0.898 11 2 3 L
0.898 8 5 11 I
0.902 0 0 6 A
0.903 9 14 6 J
0.904 1 2 9 B
0.904 10 9 5 K
0.904 13 14 7 N
0.911 6 0 14 G
0.913 4 10 4 E
0.918 12 10 4 M
0.922 10 9 4 K
0.924 0 14 6 A
0.928 14 6 10 O
0.929 13 14 8 N
0.929 9 0 6 J
0.931 3 11 7 D
0.931 11 1 3 L
0.936 12 10 3 M
0.940 4 9 4 E
0.940 8 5 12 I
0.943 5 9 11 F
0.945 14 6 9 O
0.948 12 11 3 M
0.950 1 3 9 B
0.951 9 0 7 J
0.955 6 0 13 G
0.956 10 10 4 K
0.956 4 9 5 E
0.956 3 12 7 D
0.966 9 1 7 J
0.969 0 0 6 A
0.969 10 10 5 K
0.969 12 12 3 M
0.973 14 7 9 O
0.975 4 9 6 E
0.980 13 0 8 N
0.982 3 12 6 D
0.982 5 9 12 F
0.985 8 5 13 I
0.985 6 1 13 G
0.985 9 0 7 J
0.990 1 3 8 B
0.998 10 9 5 K
1.004 3 12 7 D
1.004 12 13 3 M
1.009 0 0 7 A
1.010 1 2 8 B
1.011 6 0 13 G
1.011 14 8 9 O
1.014 5 9 11 F
1.016 13 0 9 N
1.019 8 4 13 I
1.021 4 8 6 E
1.026 12 12 3 M
1.026 1 2 7 B
1.028 6 14 13 G
1.030 9 1 7 J
1.030 3 12 8 D
1.037 13 1 9 N
1.040 6 14 12 G
1.040 8 4 12 I
1.041 14 8 8 O
1.049 4 8 5 E
1.059 6 13 12 G
1.059 0 14 7 A
1.059 8 5 12 I
1.060 12 12 2 M
1.062 5 8 11 F
1.067 4 8 6 E
1.067 1 2 8 B
1.067 13 1 10 N
1.070 0 14 8 A
1.070 3 12 7 D
1.076 12 12 3 M
1.079 9 2 7 J
1.086 13 1 9 N
1.086 1 2 9 B
1.086 0 14 7 A
1.090 14 8 7 O
1.090 12 12 2 M
1.094 8 4 12 I
1.095 4 9 6 E
1.096 13 2 9 N
1.100 9 3 7 J
1.102 3 11 7 D
1.104 5 7 11 F
1.108 8 3 12 I
1.115 3 11 6 D
1.116 14 8 6 O
1.122 1 3 9 B
1.122 12 12 1 M
1.127 4 9 7 E
1.134 5 6 11 F
1.134 0 13 7 A
1.137 9 3 8 J
1.137 13 3 9 N
1.140 8 3 13 I
1.143 12 13 1 M
1.154 3 10 6 D
1.154 13 3 10 N
1.156 1 4 9 B
1.159 14 7 6 O
1.159 4 9 8 E
1.168 8 3 14 I
1.168 5 6 12 F
1.170 3 10 7 D
1.172 0 13 6 A
1.172 14 7 7 O
1.173 9 2 8 J
1.177 4 10 8 E
1.183 12 12 1 M
1.183 1 4 10 B
1.183 5 5 12 F
1.190 14 7 8 O
1.190 8 3 13 I
1.191 13 3 11 N
1.191 4 9 8 E
1.193 0 13 5 A
1.207 1 3 10 B
1.210 5 5 11 F
1.215 9 3 8 J
1.219 4 9 7 E
1.220 3 10 6 D
1.220 14 8 8 O
1.224 8 4 13 I
1.225 5 5 12 F
1.228 12 12 0 M
1.229 0 12 5 A
1.236 13 4 11 N
1.241 4 9 8 E
1.244 14 9 8 O
1.244 12 11 0 M
1.244 8 4 12 I
1.248 9 3 7 J
1.248 1 4 10 B
1.255 4 8 8 E
1.255 0 12 4 A
1.272 3 10 7 D
1.272 0 12 5 A
1.276 13 4 10 N
1.276 5 5 11 F
1.277 1 4 11 B
1.279 9 4 7 J
1.279 12 10 0 M
1.288 4 8 7 E
1.289 8 3 12 I
1.289 14 9 7 O
1.291 3 10 8 D
1.298 12 9 0 M
1.304 0 13 5 A
1.304 1 4 10 B
1.304 9 4 8 J
1.304 13 4 9 N
1.308 4 8 8 E
1.311 14 10 7 O
1.322 5 5 12 F
1.322 0 14 5 A
1.329 12 8 0 M
1.331 8 3 13 I
1.334 3 10 7 D
1.338 5 5 13 F
1.342 14 10 6 O
1.346 0 14 4 A
1.346 1 4 9 B
1.347 8 4 13 I
1.349 12 8 14 M
1.356 13 5 9 N
1.356 9 4 7 J
1.358 4 8 9 E
1.375 3 11 7 D
1.375 9 5 7 J
1.375 1 4 8 B
1.377 8 3 13 I
1.380 0 14 3 A
1.388 4 7 9 E
1.389 14 11 6 O
1.389 12 7 14 M
1.394 9 6 7 J
1.399 13 5 8 N
1.400 12 8 14 M
1.403 14 10 6 O
1.414 1 3 8 B
1.414 13 6 8 N
1.419 8 3 12 I
1.421 9 5 7 J
1.426 0 0 3 A
1.433 14 10 5 O
1.439 12 9 14 M
1.439 8 3 11 I
1.439 4 7 8 E
1.458 14 10 6 O
1.458 1 3 7 B
1.458 13 5 8 N
1.458 12 9 13 M
1.459 4 6 8 E
1.462 0 1 3 A
1.462 8 3 10 I
1.469 9 5 6 J
1.473 12 9 14 M
1.473 13 5 7 N
1.487 8 2 10 I
1.487 1 2 7 B
1.497 13 5 6 N
1.497 14 10 5 O
1.498 8 2 11 I
1.505 12 8 14 M
1.507 4 6 7 E
1.511 0 2 3 A
1.542 8 3 11 I
1.542 13 5 7 N
1.542 4 6 8 E
1.543 12 8 0 M
1.544 1 3 7 B
1.544 9 6 6 J
1.544 14 10 6 O
1.560 0 2 4 A
1.580 9 7 6 J
1.584 4 7 8 E
1.586 14 11 6 O
1.586 0 1 4 A
1.589 8 2 11 I
1.591 12 7 0 M
1.592 1 3 6 B
1.594 13 5 8 N
1.612 8 3 11 I
1.612 12 7 1 M
1.612 4 8 8 E
1.618 9 6 6 J
1.623 12 7 2 M
1.623 1 3 5 B
1.631 13 5 7 N
1.631 0 2 4 A
1.635 14 11 7 O
1.643 1 3 6 B
1.651 8 2 11 I
1.651 14 11 6 O
1.652 4 9 8 E
1.656 0 2 5 A
1.656 9 5 6 J
1.656 12 7 3 M
1.665 8 3 11 I
1.665 14 11 7 O
1.675 13 5 8 N
1.684 8 3 12 I
1.684 4 8 8 E
1.687 1 4 6 B
1.699 0 2 4 A
1.702 12 7 4 M
1.702 13 5 9 N
1.712 14 11 6 O
1.721 4 9 8 E
1.721 0 3 4 A
1.724 1 4 7 B
1.730 8 3 13 I
1.736 12 6 4 M
1.744 13 6 9 N
1.749 0 2 4 A
1.753 8 4 13 I
1.756 14 12 6 O
1.756 4 9 7 E
1.761 0 2 5 A
1.767 1 3 7 B
1.767 13 6 8 N
1.769 12 6 3 M
1.777 8 5 13 I
1.781 0 3 5 A
1.786 12 5 3 M
1.790 13 7 8 N
1.796 4 9 6 E
1.800 14 12 5 O
1.805 12 6 3 M
1.811 8 5 12 I
1.811 13 7 7 N
1.813 1 2 7 B
1.817 0 4 5 A
1.830 4 8 6 E
1.830 14 13 5 O
1.830 1 2 6 B
1.839 8 4 12 I
1.842 12 5 3 M
1.855 4 9 6 E
1.855 13 7 6 N
1.856 1 2 5 B
1.856 0 3 5 A
1.858 14 13 6 O
1.876 14 13 5 O
1.884 12 6 3 M
1.886 14 12 5 O
1.887 8 4 13 I
1.893 0 3 6 A
1.895 13 7 5 N
1.899 12 5 3 M
1.899 4 10 6 E
1.905 1 2 4 B
1.907 0 4 6 A
1.913 4 10 5 E
1.917 8 4 12 I
1.919 1 2 3 B
1.929 14 12 6 O
1.931 13 8 5 N
1.934 8 4 11 I
1.937 12 4 3 M
1.943 14 11 6 O
1.944 13 7 5 N
1.945 1 3 3 B
1.946 8 5 11 I
1.958 0 4 5 A
1.961 4 10 6 E
1.973 13 8 5 N
1.984 8 4 11 I
1.987 12 3 3 M
1.995 1 3 2 B
2.007 0 5 5 A
2.009 13 7 5 N
2.010 4 10 5 E
2.020 12 3 4 M
2.022 1 3 3 B
2.031 8 5 11 I
2.047 4 11 5 E
2.047 0 6 5 A
2.056 12 3 5 M
2.059 1 3 4 B
2.064 4 10 5 E
2.071 12 4 5 M
2.072 8 5 12 I
2.084 0 5 5 A
2.102 1 4 4 B
2.105 4 9 5 E
2.116 8 5 13 I
2.122 0 4 5 A
2.137 1 5 4 B
2.146 4 8 5 E
2.165 8 5 12 I
2.165 1 5 5 B
2.168 0 4 6 A
2.177 1 5 4 B
2.185 0 3 6 A
2.185 4 8 4 E
2.191 1 6 4 B
2.197 0 4 6 A
2.204 8 4 12 I
2.220 1 7 4 B
2.220 8 5 12 I
2.225 4 7 4 E
2.235 0 4 7 A
2.237 1 7 3 B
2.246 8 4 12 I
2.247 4 8 4 E
2.265 1 6 3 B
2.265 4 8 3 E
2.278 0 4 6 A
2.284 8 3 12 I
2.289 4 9 3 E
2.289 1 6 4 B
2.303 1 7 4 B
2.308 4 9 4 E
2.316 8 2 12 I
2.316 0 4 7 A
2.337 1 6 4 B
2.340 4 8 4 E
2.341 8 3 12 I
2.356 1 6 5 B
2.359 0 4 8 A
2.370 8 4 12 I
2.389 1 5 5 B
2.403 0 5 8 A
2.421 1 6 5 B
2.421 8 4 11 I
2.423 0 5 7 A
2.446 8 5 11 I
2.449 1 5 5 B
2.470 0 6 7 A
2.499 8 5 10 I
2.500 0 6 6 A
2.527 0 6 7 A
2.553 8 6 10 I
2.558 0 6 6 A
2.594 0 6 7 A
2.594 8 5 10 I
2.621 0 6 8 A
2.637 8 5 11 I
2.641 0 5 8 A
2.658 8 5 10 I
2.685 0 5 7 A
2.686 8 5 9 I
2.708 8 5 8 I
2.713 0 5 8 A
2.741 8 6 8 I
2.758 0 5 9 A
2.788 8 6 7 I
2.801 0 5 10 A
2.817 8 7 7 I
2.845 0 6 10 A
2.850 8 8 7 I
2.855 0 7 10 A
2.883 0 7 11 A
2.901 8 7 7 I
2.910 0 7 10 A
2.925 8 7 8 I
2.944 0 8 10 A
2.965 8 6 8 I
2.984 0 7 10 A
3.024 0 7 11 A
3.068 0 7 12 A
3.098 0 8 12 A
3.132 0 9 12 A
