-1  15  15  15
 0.000000000  5  3  5  F
 0.010363465  5  2  5  F
 0.061517403  5  2  6  F
 0.087360522  5  2  5  F
 0.127632059  5  3  5  F
 0.161935629  5  4  5  F
 0.176428013  5  5  5  F
 0.215663569  5  5  4  F
 0.256402396  5  6  4  F
 0.306245671  5  6  3  F
 0.348576836  5  7  3  F
 0.365082460  5  8  3  F
 0.388716579  5  7  3  F
 0.416279845  5  7  2  F
 0.435654968  5  6  2  F
 0.484145867  5  5  2  F
 0.501986854  5  5  1  F
 0.520605838  5  6  1  F
 0.554519104  5  7  1  F
 0.587609771  5  6  1  F
 0.625791358  5  7  1  F
 0.646176961  5  7  2  F
 0.694056268  5  7  1  F
 0.736460468  5  7  0  F
 0.753265524  5  8  0  F
 0.787493280  5  7  0  F
 0.000000000  14  7  1  O
 0.014512372  14  8  1  O
 0.033396965  14  9  1  O
 0.049178830  14  9  2  O
 0.060980044  14  9  3  O
 0.103599048  14  8  3  O
 0.147772365  14  8  2  O
 0.176380356  14  7  2  O
 0.199902585  14  7  1  O
 0.233239747  14  8  1  O
 0.273806447  14  8  2  O
 0.310795516  14  9  2  O
 0.344137230  14  9  1  O
 0.391329007  14  9  0  O
 0.430254958  14  10  0  O
 0.451189020  14  11  0  O
 0.491930247  14  10  0  O
 0.527494260  14  10  1  O
 0.576301682  14  9  1  O
 0.598288897  14  8  1  O
 0.630992012  14  8  2  O
 0.671756358  14  7  2  O
 0.704857447  14  6  2  O
 0.728438443  14  6  1  O
 0.766161711  14  6  0  O
 0.816391242  14  7  0  O
 0.839659961  14  6  0  O
 0.881355446  14  6  1  O
 0.905597925  14  6  0  O
 0.000000000  2  12  1  C
 0.007700773  2  11  1  C
 0.041461651  2  11  0  C
 0.066183989  2  11  1  C
 0.096153297  2  11  0  C
 0.130450297  2  10  0  C
 0.144596134  2  10  1  C
 0.162141764  2  11  1  C
 0.179226190  2  12  1  C
 0.215878679  2  12  2  C
 0.237727515  2  11  2  C
 0.260409606  2  11  1  C
 0.290367055  2  12  1  C
 0.337390186  2  12  2  C
 0.352072488  2  13  2  C
 0.374264631  2  12  2  C
 0.393414498  2  12  3  C
 0.411684837  2  13  3  C
 0.434688598  2  13  4  C
 0.445456591  2  13  5  C
 0.465877785  2  13  6  C
 0.478762590  2  14  6  C
 0.519202567  2  14  7  C
 0.543665862  2  14  8  C
 0.577455145  2  0  8  C
 0.593605752  2  0  7  C
 0.622074472  2  0  8  C
 0.654707181  2  0  9  C
 0.676831970  2  14  9  C
 0.696904907  2  14  8  C
 0.711231522  2  13  8  C
 0.734827579  2  14  8  C
 0.775287665  2  13  8  C
 0.823675858  2  13  9  C
 0.848542159  2  13  10  C
 0.883490722  2  12  10  C
 0.900778064  2  12  9  C
 0.950212199  2  12  8  C
 0.984146654  2  13  8  C
 1.017972042  2  13  7  C
 1.051741971  2  14  7  C
 0.000000000  7  4  2  H
 0.011222211  7  5  2  H
 0.038118947  7  5  1  H
 0.068835587  7  4  1  H
 0.098370334  7  4  2  H
 0.128749336  7  4  3  H
 0.162146542  7  5  3  H
 0.179220704  7  6  3  H
 0.223999254  7  7  3  H
 0.269843654  7  7  4  H
 0.288101737  7  8  4  H
 0.325368856  7  9  4  H
 0.346307064  7  9  5  H
 0.389259085  7  10  5  H
 0.424296185  7  9  5  H
 0.473280761  7  8  5  H
 0.505650651  7  7  5  H
 0.523506496  7  6  5  H
 0.545205790  7  5  5  H
 0.560565942  7  6  5  H
 0.571520893  7  5  5  H
 0.613026259  7  6  5  H
 0.629387603  7  6  4  H
 0.660888962  7  6  5  H
 0.685535638  7  6  4  H
 0.734834331  7  5  4  H
 0.771468913  7  6  4  H
 0.786851632  7  7  4  H
 0.821237662  7  6  4  H
 0.839979141  7  7  4  H
 0.877773923  7  8  4  H
 0.918370131  7  9  4  H
 0.937519520  7  8  4  H
 0.970798805  7  7  4  H
 1.005784458  7  7  5  H
 1.039602465  7  7  4  H
 1.070413808  7  7  5  H
 1.113396809  7  6  5  H
 1.155495118  7  7  5  H
 0.000000000  1  3  6  B
 0.007355201  1  3  5  B
 0.036344375  1  3  6  B
 0.067195508  1  2  6  B
 0.105737336  1  2  5  B
 0.155371514  1  1  5  B
 0.166733756  1  1  6  B
 0.200945767  1  0  6  B
 0.232563243  1  1  6  B
 0.266388733  1  1  5  B
 0.298505649  1  2  5  B
 0.346400840  1  2  4  B
 0.363214986  1  3  4  B
 0.374664041  1  3  5  B
 0.405629779  1  3  4  B
 0.421005390  1  2  4  B
 0.454344366  1  1  4  B
 0.503575884  1  1  3  B
 0.552749166  1  1  4  B
 0.566974236  1  1  3  B
 0.592246395  1  1  2  B
 0.642274169  1  1  1  B
 0.655501521  1  1  2  B
 0.680857562  1  1  3  B
 0.711114543  1  1  4  B
 0.744200887  1  2  4  B
 0.780130506  1  3  4  B
 0.802926215  1  3  3  B
 0.834641076  1  3  2  B
 0.871997758  1  4  2  B
 0.886694114  1  3  2  B
 0.906427475  1  3  3  B
 0.949738556  1  3  2  B
 0.990508191  1  2  2  B
 1.017006391  1  2  3  B
 1.045180618  1  3  3  B
 1.091875791  1  2  3  B
 1.130155591  1  2  4  B
 1.180397600  1  2  3  B
 0.000000000  13  8  12  N
 0.014291643  13  8  13  N
 0.041064656  13  8  14  N
 0.080553162  13  7  14  N
 0.116544246  13  6  14  N
 0.147785809  13  7  14  N
 0.175584755  13  6  14  N
 0.186686466  13  6  13  N
 0.206277569  13  6  12  N
 0.247834349  13  6  13  N
 0.280514630  13  7  13  N
 0.304560592  13  8  13  N
 0.323441571  13  7  13  N
 0.354202370  13  7  14  N
 0.402618001  13  7  0  N
 0.424106634  13  7  1  N
 0.454369984  13  7  2  N
 0.476950981  13  7  1  N
 0.520719323  13  8  1  N
 0.561611955  13  7  1  N
 0.611363093  13  8  1  N
 0.630965699  13  8  0  N
 0.672692067  13  8  1  N
 0.683576921  13  8  2  N
 0.703962997  13  8  1  N
 0.741166161  13  8  2  N
 0.761793832  13  7  2  N
 0.778146167  13  8  2  N
 0.824141848  13  8  3  N
 0.843872567  13  7  3  N
 0.863093191  13  6  3  N
 0.877629320  13  7  3  N
 0.917167180  13  8  3  N
 0.943492522  13  8  4  N
 0.965289436  13  8  5  N
 1.013216189  13  8  6  N
 1.063847910  13  7  6  N
 1.084298959  13  8  6  N
 1.105585228  13  9  6  N
 1.132079961  13  9  7  N
 1.157549632  13  9  6  N
 1.199701266  13  9  7  N
 1.227274586  13  10  7  N
 1.244240165  13  9  7  N
 1.288878839  13  8  7  N
 1.338853774  13  8  8  N
 1.359073454  13  9  8  N
 1.376994247  13  10  8  N
 1.436216254  13  10  9  N
 0.000000000  10  10  9  K
 0.012558212  10  9  9  K
 0.067082652  10  9  8  K
 0.103450989  10  9  9  K
 0.143846603  10  9  10  K
 0.168313598  10  8  10  K
 0.206726915  10  9  10  K
 0.220338428  10  8  10  K
 0.242693098  10  9  10  K
 0.255256598  10  8  10  K
 0.276198070  10  8  11  K
 0.321395616  10  8  12  K
 0.343638495  10  9  12  K
 0.360539876  10  9  13  K
 0.388250380  10  8  13  K
 0.399698521  10  8  14  K
 0.432605076  10  8  0  K
 0.480041990  10  9  0  K
 0.518418133  10  9  14  K
 0.560533449  10  9  13  K
 0.604627550  10  8  13  K
 0.621030280  10  7  13  K
 0.648192227  10  7  12  K
 0.677332640  10  7  11  K
 0.712223393  10  8  11  K
 0.757891479  10  8  10  K
 0.794584393  10  8  9  K
 0.835477469  10  9  9  K
 0.861220979  10  9  10  K
 0.877768015  10  10  10  K
 0.918377230  10  9  10  K
 0.942463099  10  9  11  K
 0.969940979  10  10  11  K
 1.017964735  10  10  12  K
 1.058574671  10  10  11  K
 1.089635700  10  9  11  K
 1.116719452  10  9  12  K
 1.130401372  10  10  12  K
 1.177209352  10  11  12  K
 1.209942340  10  11  11  K
 1.224307688  10  12  11  K
 1.247080735  10  12  12  K
 1.291913913  10  12  13  K
 1.340698857  10  13  13  K
 1.362919406  10  12  13  K
 1.402456669  10  12  14  K
 1.451328620  10  11  14  K
 0.000000000  0  11  5  A
 0.007019251  0  12  5  A
 0.038842608  0  12  6  A
 0.081319876  0  12  5  A
 0.106108969  0  13  5  A
 0.125047144  0  12  5  A
 0.171407313  0  13  5  A
 0.202194807  0  12  5  A
 0.224184745  0  12  4  A
 0.270009113  0  11  4  A
 0.285130229  0  11  5  A
 0.304155108  0  10  5  A
 0.335423700  0  11  5  A
 0.374125167  0  11  4  A
 0.399504707  0  11  3  A
 0.434843904  0  12  3  A
 0.460211645  0  12  4  A
 0.493149516  0  11  4  A
 0.520084305  0  12  4  A
 0.551590527  0  13  4  A
 0.570344513  0  14  4  A
 0.595144274  0  13  4  A
 0.629560464  0  13  5  A
 0.646164177  0  14  5  A
 0.659227422  0  14  4  A
 0.679964350  0  13  4  A
 0.712879693  0  13  3  A
 0.725826159  0  13  2  A
 0.768613427  0  14  2  A
 0.801283296  0  13  2  A
 0.845791654  0  12  2  A
 0.873254823  0  12  1  A
 0.916473712  0  12  2  A
 0.949517441  0  11  2  A
 0.968467621  0  12  2  A
 1.006879524  0  11  2  A
 1.044304024  0  10  2  A
 1.061187277  0  10  3  A
 1.101020386  0  10  2  A
 1.150646209  0  9  2  A
 1.187082035  0  9  3  A
 1.224116201  0  8  3  A
 1.271560123  0  8  2  A
 1.291918629  0  8  3  A
 1.310061733  0  8  2  A
 1.340709918  0  8  1  A
 1.357109575  0  9  1  A
 1.386947061  0  9  0  A
 1.402469997  0  9  1  A
 1.449122394  0  8  1  A
 1.471277017  0  8  2  A
 0.000000000  3  4  5  D
 0.008914441  3  4  6  D
 0.038492449  3  3  6  D
 0.074956279  3  3  7  D
 0.106297681  3  4  7  D
 0.147781254  3  4  6  D
 0.181526882  3  5  6  D
 0.194848943  3  6  6  D
 0.207777078  3  6  5  D
 0.240871789  3  7  5  D
 0.274768023  3  6  5  D
 0.290387822  3  7  5  D
 0.323435291  3  8  5  D
 0.337281861  3  7  5  D
 0.370696240  3  7  6  D
 0.416093816  3  6  6  D
 0.451676569  3  5  6  D
 0.468798714  3  6  6  D
 0.508592518  3  7  6  D
 0.551310897  3  8  6  D
 0.576584680  3  8  7  D
 0.586884450  3  7  7  D
 0.631775602  3  7  8  D
 0.673472756  3  6  8  D
 0.703976896  3  5  8  D
 0.726021273  3  5  7  D
 0.779679513  3  4  7  D
 0.800813341  3  4  8  D
 0.813684654  3  5  8  D
 0.855716695  3  4  8  D
 0.901969090  3  4  7  D
 0.949728750  3  4  8  D
 0.968250902  3  4  9  D
 0.993680890  3  5  9  D
 1.011644562  3  6  9  D
 1.032203080  3  7  9  D
 1.057608798  3  8  9  D
 1.090161860  3  7  9  D
 1.108754047  3  6  9  D
 1.142117975  3  5  9  D
 1.177179459  3  6  9  D
 1.211418524  3  6  10  D
 1.250445610  3  7  10  D
 1.283848549  3  8  10  D
 1.305722092  3  7  10  D
 1.330109196  3  8  10  D
 1.354655007  3  9  10  D
 1.402302623  3  9  11  D
 1.448945690  3  10  11  D
 1.484316480  3  10  10  D
 1.521918479  3  10  9  D
 1.547855270  3  10  10  D
 1.559810462  3  10  9  D
 1.595749422  3  11  9  D
 1.607922710  3  10  9  D
 1.653290745  3  10  8  D
 1.678412878  3  10  9  D
 1.722341670  3  10  10  D
 1.734910364  3  10  9  D
 1.750938364  3  10  8  D
 1.796254667  3  10  9  D
 1.843051723  3  11  9  D
 1.867440758  3  10  9  D
 1.891251376  3  10  8  D
 1.917613236  3  10  9  D
 1.952936488  3  9  9  D
 1.998115309  3  9  8  D
 2.025140693  3  9  9  D
 2.065412529  3  10  9  D
 2.085405795  3  9  9  D
 2.133363702  3  9  10  D
 2.167939664  3  8  10  D
 2.213336241  3  7  10  D
 2.255326845  3  7  9  D
 0.000000000  4  8  1  E
 0.009981275  4  9  1  E
 0.047279874  4  8  1  E
 0.059551772  4  8  2  E
 0.098486098  4  8  3  E
 0.114072246  4  9  3  E
 0.161846106  4  10  3  E
 0.178972499  4  10  4  E
 0.206720021  4  10  5  E
 0.246670772  4  11  5  E
 0.280243900  4  12  5  E
 0.317589167  4  11  5  E
 0.363198720  4  11  6  E
 0.407533169  4  11  7  E
 0.434877520  4  11  8  E
 0.482627983  4  10  8  E
 0.522327176  4  10  7  E
 0.551316862  4  10  6  E
 0.595228016  4  10  7  E
 0.627928665  4  9  7  E
 0.645170987  4  9  6  E
 0.662914228  4  10  6  E
 0.691146103  4  10  7  E
 0.701850638  4  10  8  E
 0.732364311  4  11  8  E
 0.752443940  4  12  8  E
 0.780982130  4  13  8  E
 0.811420852  4  14  8  E
 0.843619247  4  14  7  E
 0.877633642  4  13  7  E
 0.926488749  4  13  8  E
 0.965880212  4  14  8  E
 0.984982674  4  14  9  E
 1.019815117  4  0  9  E
 1.030690427  4  0  8  E
 1.052916507  4  0  9  E
 1.078783726  4  0  10  E
 1.125593246  4  0  9  E
 1.149618750  4  0  10  E
 1.170130911  4  0  9  E
 1.206602027  4  14  9  E
 1.244282364  4  14  8  E
 1.258253645  4  13  8  E
 1.299184839  4  13  7  E
 1.325160477  4  14  7  E
 1.377968710  4  0  7  E
 1.401694423  4  1  7  E
 1.439751418  4  2  7  E
 1.464536548  4  3  7  E
 1.482267517  4  4  7  E
 1.521761574  4  4  8  E
 1.565582867  4  3  8  E
 1.614675856  4  3  7  E
 1.663944225  4  3  8  E
 1.712438191  4  2  8  E
 1.723474979  4  2  9  E
 1.750701658  4  2  8  E
 1.771533219  4  1  8  E
 1.821038219  4  1  9  E
 1.837677394  4  2  9  E
 1.874310882  4  1  9  E
 1.897639251  4  0  9  E
 1.949061645  4  0  10  E
 1.978345724  4  0  9  E
 2.007289625  4  14  9  E
 2.048942895  4  13  9  E
 2.089068524  4  12  9  E
 2.116912032  4  13  9  E
 2.153200042  4  14  9  E
 2.191363584  4  0  9  E
 2.223828687  4  1  9  E
 2.271799967  4  0  9  E
 2.309067359  4  14  9  E
 0.000000000  9  12  8  J
 0.012339469  9  13  8  J
 0.038008716  9  14  8  J
 0.077862871  9  14  7  J
 0.103393397  9  14  6  J
 0.125093172  9  13  6  J
 0.168207737  9  14  6  J
 0.206012980  9  14  5  J
 0.251733753  9  0  5  J
 0.296206758  9  14  5  J
 0.322437233  9  14  4  J
 0.337628014  9  0  4  J
 0.375155870  9  1  4  J
 0.399600661  9  2  4  J
 0.430301470  9  3  4  J
 0.456051702  9  3  5  J
 0.489634615  9  3  4  J
 0.522303235  9  3  5  J
 0.556479401  9  4  5  J
 0.576253294  9  4  6  J
 0.614335062  9  4  5  J
 0.627912435  9  4  4  J
 0.653416038  9  4  3  J
 0.685812040  9  3  3  J
 0.732371114  9  3  2  J
 0.778138497  9  4  2  J
 0.824360275  9  4  3  J
 0.858774648  9  4  2  J
 0.877620595  9  4  3  J
 0.902113821  9  4  4  J
 0.922220437  9  3  4  J
 0.970602299  9  4  4  J
 1.016979783  9  5  4  J
 1.044367578  9  6  4  J
 1.092815794  9  6  3  J
 1.117601972  9  6  4  J
 1.133830484  9  6  5  J
 1.168120477  9  7  5  J
 1.199731862  9  6  5  J
 1.220039056  9  6  6  J
 1.236283382  9  5  6  J
 1.256672055  9  4  6  J
 1.288829846  9  4  5  J
 1.325154444  9  3  5  J
 1.372617574  9  2  5  J
 1.399589226  9  1  5  J
 1.444327559  9  2  5  J
 1.458480175  9  2  4  J
 1.490794871  9  2  3  J
 1.529230062  9  1  3  J
 1.548990544  9  0  3  J
 1.579313366  9  1  3  J
 1.617011478  9  0  3  J
 1.667895124  9  14  3  J
 1.716585303  9  0  3  J
 1.732777513  9  0  4  J
 1.760193660  9  14  4  J
 1.801104563  9  0  4  J
 1.821042904  9  0  5  J
 1.845443351  9  0  6  J
 1.882574787  9  14  6  J
 1.930881869  9  14  5  J
 1.965555839  9  14  6  J
 1.997424459  9  13  6  J
 2.046026987  9  14  6  J
 2.072228055  9  13  6  J
 2.121113895  9  13  7  J
 2.160903725  9  14  7  J
 2.199462275  9  14  8  J
 2.214985057  9  13  8  J
 2.228189773  9  13  7  J
 2.265893181  9  12  7  J
 2.316063248  9  13  7  J
 2.357894268  9  13  8  J
 0.000000000  12  8  10  M
 0.014151187  12  7  10  M
 0.060877785  12  6  10  M
 0.086098031  12  6  9  M
 0.104188825  12  6  8  M
 0.133150803  12  5  8  M
 0.185837450  12  6  8  M
 0.223059156  12  5  8  M
 0.254824448  12  5  7  M
 0.274412309  12  5  6  M
 0.294390002  12  4  6  M
 0.304644895  12  3  6  M
 0.333909262  12  3  7  M
 0.383127266  12  2  7  M
 0.426309187  12  3  7  M
 0.469794004  12  3  8  M
 0.496120309  12  3  9  M
 0.535506223  12  3  10  M
 0.579308374  12  2  10  M
 0.625254215  12  3  10  M
 0.641267659  12  2  10  M
 0.691957153  12  3  10  M
 0.711001015  12  2  10  M
 0.740428908  12  2  11  M
 0.759069222  12  3  11  M
 0.789427608  12  3  10  M
 0.811397842  12  3  9  M
 0.837377555  12  3  8  M
 0.850855526  12  3  7  M
 0.873061131  12  2  7  M
 0.900952465  12  3  7  M
 0.926481068  12  2  7  M
 0.968243580  12  3  7  M
 1.018036607  12  4  7  M
 1.055924978  12  3  7  M
 1.070186021  12  4  7  M
 1.088922576  12  4  6  M
 1.134535033  12  3  6  M
 1.178647808  12  4  6  M
 1.201379370  12  4  5  M
 1.225220702  12  3  5  M
 1.264823817  12  3  4  M
 1.323607968  12  2  4  M
 1.354676692  12  2  3  M
 1.392440964  12  1  3  M
 1.409303405  12  0  3  M
 1.423927205  12  1  3  M
 1.458457802  12  0  3  M
 1.507662589  12  0  2  M
 1.539432503  12  1  2  M
 1.571649684  12  0  2  M
 1.608980986  12  1  2  M
 1.641277517  12  0  2  M
 1.663556393  12  0  1  M
 1.683697853  12  14  1  M
 1.724945808  12  14  0  M
 1.739513374  12  14  14  M
 1.774117439  12  0  14  M
 1.821662530  12  0  0  M
 1.859472815  12  1  0  M
 1.874379240  12  1  1  M
 1.924758310  12  2  1  M
 1.949238648  12  2  2  M
 1.966958956  12  1  2  M
 2.006270963  12  0  2  M
 2.027999934  12  14  2  M
 2.067479290  12  0  2  M
 2.086590706  12  0  1  M
 2.113665826  12  1  1  M
 2.155923842  12  2  1  M
 2.202923725  12  1  1  M
 2.241891932  12  2  1  M
 2.280759324  12  2  2  M
 2.324178304  12  3  2  M
 2.355534469  12  3  3  M
 2.368833995  12  3  2  M
 2.412908155  12  3  1  M
 2.441480876  12  2  1  M
 0.000000000  6  2  12  G
 0.011047758  6  2  13  G
 0.047207402  6  1  13  G
 0.073104856  6  1  12  G
 0.118426783  6  1  13  G
 0.164951233  6  0  13  G
 0.214150787  6  0  14  G
 0.234746256  6  0  0  G
 0.278032887  6  0  14  G
 0.299494721  6  14  14  G
 0.320585591  6  14  0  G
 0.337189215  6  13  0  G
 0.376900794  6  12  0  G
 0.400988754  6  11  0  G
 0.426897022  6  11  14  G
 0.446870510  6  12  14  G
 0.467755619  6  13  14  G
 0.498619021  6  13  0  G
 0.548321659  6  14  0  G
 0.587667463  6  14  1  G
 0.632697603  6  0  1  G
 0.647121633  6  0  2  G
 0.687668947  6  14  2  G
 0.699815665  6  0  2  G
 0.749093894  6  14  2  G
 0.791237056  6  13  2  G
 0.804460624  6  14  2  G
 0.835426259  6  14  3  G
 0.854151045  6  14  4  G
 0.875089501  6  14  3  G
 0.916277603  6  14  4  G
 0.962321425  6  14  5  G
 0.975692911  6  0  5  G
 0.986703725  6  1  5  G
 1.026151061  6  2  5  G
 1.072717196  6  2  4  G
 1.109114738  6  1  4  G
 1.149389519  6  0  4  G
 1.176558084  6  1  4  G
 1.225222055  6  0  4  G
 1.251245674  6  0  5  G
 1.287343337  6  1  5  G
 1.313001412  6  0  5  G
 1.360820517  6  0  6  G
 1.383379335  6  0  5  G
 1.432288785  6  0  6  G
 1.471268292  6  1  6  G
 1.485414200  6  1  7  G
 1.529229029  6  1  8  G
 1.549389225  6  0  8  G
 1.585477516  6  14  8  G
 1.625973751  6  14  7  G
 1.670077798  6  13  7  G
 1.709272122  6  13  6  G
 1.729004655  6  13  7  G
 1.763513926  6  13  8  G
 1.786500540  6  12  8  G
 1.814908465  6  12  9  G
 1.845177307  6  12  8  G
 1.891084090  6  11  8  G
 1.923358240  6  10  8  G
 1.946869163  6  9  8  G
 1.991869841  6  9  7  G
 2.025168513  6  8  7  G
 2.055582904  6  7  7  G
 2.084562100  6  7  8  G
 2.132862259  6  7  9  G
 2.145083208  6  8  9  G
 2.173557949  6  8  10  G
 2.199784250  6  8  9  G
 2.234416289  6  8  8  G
 2.259072221  6  9  8  G
 2.291289934  6  9  7  G
 2.307016036  6  9  6  G
 2.326455475  6  8  6  G
 2.354585257  6  8  7  G
 2.371927132  6  9  7  G
 2.382836273  6  10  7  G
 2.424811310  6  11  7  G
 2.439604917  6  12  7  G
 0.000000000  8  10  12  I
 0.012043484  8  10  13  I
 0.047041301  8  10  12  I
 0.079567720  8  10  11  I
 0.103303682  8  10  10  I
 0.126793311  8  9  10  I
 0.160757111  8  9  11  I
 0.191415682  8  10  11  I
 0.227134510  8  11  11  I
 0.254397345  8  11  10  I
 0.304161854  8  12  10  I
 0.342346941  8  11  10  I
 0.371024077  8  11  11  I
 0.389998939  8  11  10  I
 0.426751943  8  11  11  I
 0.453344780  8  12  11  I
 0.471953508  8  12  10  I
 0.496092089  8  12  9  I
 0.533900871  8  12  8  I
 0.549962002  8  13  8  I
 0.584041910  8  14  8  I
 0.594321289  8  14  9  I
 0.637560073  8  14  10  I
 0.671637225  8  14  9  I
 0.712885361  8  0  9  I
 0.732748888  8  0  10  I
 0.781062765  8  0  9  I
 0.814325228  8  0  10  I
 0.863019798  8  14  10  I
 0.890721061  8  14  11  I
 0.914090393  8  13  11  I
 0.943501062  8  12  11  I
 0.978076460  8  13  11  I
 0.992415112  8  14  11  I
 1.006499888  8  13  11  I
 1.054655869  8  13  10  I
 1.073502188  8  13  9  I
 1.102173610  8  12  9  I
 1.124904589  8  11  9  I
 1.155727257  8  11  10  I
 1.200610370  8  11  11  I
 1.245915744  8  11  12  I
 1.258832233  8  12  12  I
 1.296074623  8  13  12  I
 1.328067937  8  12  12  I
 1.371926339  8  13  12  I
 1.389242414  8  13  11  I
 1.415961643  8  14  11  I
 1.441896731  8  14  12  I
 1.466449565  8  14  13  I
 1.479902331  8  14  14  I
 1.501049838  8  0  14  I
 1.532128649  8  0  13  I
 1.576000240  8  0  12  I
 1.586586650  8  0  11  I
 1.611532759  8  0  12  I
 1.629863204  8  0  13  I
 1.659596573  8  1  13  I
 1.703286547  8  0  13  I
 1.715545880  8  0  14  I
 1.763085406  8  14  14  I
 1.788096760  8  13  14  I
 1.818729706  8  13  13  I
 1.852812195  8  13  14  I
 1.897493247  8  12  14  I
 1.919085141  8  11  14  I
 1.967452641  8  11  0  I
 2.003730493  8  12  0  I
 2.020414250  8  12  14  I
 2.052830512  8  12  0  I
 2.084002823  8  12  14  I
 2.131644095  8  12  0  I
 2.181842815  8  12  14  I
 2.223869796  8  11  14  I
 2.271556642  8  10  14  I
 2.301642314  8  11  14  I
 2.345825055  8  12  14  I
 2.368825139  8  12  0  I
 2.398214993  8  12  14  I
 2.413165359  8  13  14  I
 2.441486185  8  13  0  I
 2.467242397  8  14  0  I
 2.499473054  8  0  0  I
 2.537836520  8  1  0  I
 2.583802538  8  2  0  I
 2.616842136  8  3  0  I
 2.655466931  8  3  14  I
 2.679077320  8  4  14  I
 2.716723504  8  5  14  I
 2.738832420  8  5  13  I
 0.000000000  11  8  14  L
 0.013545578  11  8  13  L
 0.047211976  11  8  14  L
 0.061506194  11  7  14  L
 0.078162086  11  6  14  L
 0.098116390  11  5  14  L
 0.126583735  11  4  14  L
 0.174352652  11  5  14  L
 0.219984356  11  5  0  L
 0.257262717  11  4  0  L
 0.297501104  11  4  1  L
 0.317630789  11  5  1  L
 0.346311609  11  6  1  L
 0.372980127  11  6  0  L
 0.418370271  11  7  0  L
 0.436030783  11  8  0  L
 0.452037184  11  8  14  L
 0.468872795  11  8  13  L
 0.490779872  11  7  13  L
 0.518231791  11  6  13  L
 0.556696867  11  7  13  L
 0.604830699  11  8  13  L
 0.647111741  11  8  12  L
 0.659278412  11  8  13  L
 0.691139002  11  8  12  L
 0.728483620  11  8  11  L
 0.753260302  11  9  11  L
 0.792915300  11  10  11  L
 0.841292375  11  11  11  L
 0.884115203  11  11  12  L
 0.906982023  11  11  11  L
 0.956122460  11  10  11  L
 0.995496456  11  11  11  L
 1.010947100  11  11  10  L
 1.026452547  11  10  10  L
 1.051457953  11  11  10  L
 1.090185943  11  10  10  L
 1.113923698  11  10  9  L
 1.161140650  11  10  10  L
 1.186945093  11  10  11  L
 1.213658448  11  10  12  L
 1.244820659  11  10  11  L
 1.290681501  11  9  11  L
 1.334376035  11  10  11  L
 1.353645630  11  9  11  L
 1.392224716  11  8  11  L
 1.406593793  11  8  12  L
 1.441903438  11  7  12  L
 1.490941573  11  8  12  L
 1.517715692  11  7  12  L
 1.562895793  11  8  12  L
 1.594286641  11  9  12  L
 1.623126679  11  9  13  L
 1.645720066  11  10  13  L
 1.689713796  11  11  13  L
 1.737178365  11  11  12  L
 1.769388537  11  10  12  L
 1.786070446  11  10  11  L
 1.835173672  11  10  10  L
 1.863611105  11  9  10  L
 1.895689076  11  9  9  L
 1.947245487  11  9  8  L
 1.967462609  11  10  8  L
 2.009289222  11  9  8  L
 2.047378736  11  10  8  L
 2.076227749  11  11  8  L
 2.119473151  11  12  8  L
 2.146996681  11  13  8  L
 2.164132466  11  14  8  L
 2.210056041  11  14  9  L
 2.257455732  11  14  8  L
 2.285571045  11  14  9  L
 2.309857608  11  14  10  L
 2.326643673  11  14  9  L
 2.353966431  11  14  8  L
 2.392332367  11  13  8  L
 2.441547400  11  14  8  L
 2.457987175  11  14  7  L
 2.488520844  11  14  6  L
 2.533394907  11  14  5  L
 2.571890549  11  0  5  L
 2.587881877  11  0  6  L
 2.624838011  11  0  5  L
 2.650095955  11  0  4  L
 2.681278929  11  0  3  L
 2.727252714  11  14  3  L
 2.766839543  11  0  3  L
 2.793909259  11  14  3  L
 2.819638769  11  14  2  L
 2.864913884  11  14  1  L
 2.881490039  11  13  1  L
