-1  25  15  15
 0.063684104  10  7  2  K
 0.129330788  10  6  2  K
 0.378141012  10  6  2  k
 0.002901368  0  5  1  A
 0.136035166  0  5  2  A
 0.384933577  0  5  2  a
 0.305801990  24  3  5  9
 0.407271532  24  15  15  9
 0.060737260  9  6  10  J
 0.128623513  9  6  9  J
 0.154765927  9  5  9  J
 0.193634401  9  6  9  J
 0.241662520  9  6  8  J
 0.280804419  9  6  7  J
 0.295090640  9  6  8  J
 0.315043275  9  5  8  J
 0.359741801  9  6  8  J
 0.383170404  9  6  7  J
 0.397899762  9  5  7  J
 0.436200115  9  4  7  J
 0.070254916  13  12  3  N
 0.127561704  13  12  4  N
 0.177907216  13  11  4  N
 0.195252153  13  11  3  N
 0.233644175  13  11  4  N
 0.261399747  13  11  3  N
 0.289049476  13  11  2  N
 0.331945591  13  12  2  N
 0.367877034  13  11  2  N
 0.413640246  13  10  2  N
 0.429265858  13  10  3  N
 0.463471390  13  10  4  N
 0.477672010  13  10  3  N
 0.501574816  13  10  4  N
 0.512497749  13  10  5  N
 0.013506220  5  6  3  F
 0.127567508  5  7  3  F
 0.148666368  5  7  4  F
 0.175616282  5  6  4  F
 0.193923181  5  5  4  F
 0.208984440  5  4  4  F
 0.273246233  5  3  4  F
 0.309925512  5  3  3  F
 0.554650426  5  3  3  f
 0.029204704  7  2  7  H
 0.133778875  7  2  6  H
 0.175611826  7  1  6  H
 0.215724398  7  2  6  H
 0.230408544  7  2  5  H
 0.302899872  7  2  4  H
 0.314696117  7  3  4  H
 0.569151285  7  3  4  h
 0.052703706  8  0  12  I
 0.102402800  8  0  13  I
 0.127556779  8  1  13  I
 0.157839481  8  1  14  I
 0.194119135  8  0  14  I
 0.213474035  8  1  14  I
 0.239001731  8  1  0  I
 0.263407210  8  1  14  I
 0.295167495  8  1  0  I
 0.310079053  8  1  1  I
 0.338486750  8  1  0  I
 0.358441040  8  2  0  I
 0.402167798  8  2  1  I
 0.441519570  8  3  1  I
 0.489624708  8  3  2  I
 0.509113914  8  4  2  I
 0.754156722  8  4  2  i
 0.005917368  2  4  2  C
 0.130480690  2  4  3  C
 0.142557951  2  4  4  C
 0.178542355  2  4  3  C
 0.200354367  2  3  3  C
 0.221325070  2  3  4  C
 0.273035599  2  2  4  C
 0.302456191  2  1  4  C
 0.331256141  2  2  4  C
 0.368953153  2  2  5  C
 0.402161358  2  1  5  C
 0.418590947  2  2  5  C
 0.442691076  2  2  4  C
 0.472689583  2  2  3  C
 0.492995813  2  2  2  C
 0.536060298  2  3  2  C
 0.769305308  2  3  2  c
 0.070894385  14  8  6  O
 0.111210718  14  7  6  O
 0.148649180  14  8  6  O
 0.175662136  14  8  5  O
 0.194127792  14  7  5  O
 0.206059843  14  8  5  O
 0.231426287  14  8  6  O
 0.247848564  14  9  6  O
 0.272246002  14  9  7  O
 0.291377622  14  10  7  O
 0.317143018  14  11  7  O
 0.353650836  14  10  7  O
 0.403653348  14  10  8  O
 0.442609019  14  10  7  O
 0.474447685  14  10  8  O
 0.511128302  14  9  8  O
 0.536227533  14  10  8  O
 0.584795257  14  11  8  O
 0.622699533  14  11  7  O
 0.662323661  14  11  6  O
 0.712508797  14  10  6  O
 0.965152243  14  10  6  o
 0.571821243  21  3  0  6
 1.081388484  21  15  15  6
 0.007808162  3  4  7  D
 0.114237901  3  4  8  D
 0.163367002  3  3  8  D
 0.203164437  3  4  8  D
 0.229795461  3  5  8  D
 0.259955846  3  5  9  D
 0.295153435  3  5  10  D
 0.342287133  3  5  11  D
 0.385057599  3  4  11  D
 0.415468997  3  4  12  D
 0.459237068  3  4  13  D
 0.501554535  3  4  12  D
 0.520367423  3  3  12  D
 0.550655755  3  3  11  D
 0.571705521  3  3  12  D
 0.586491049  3  3  11  D
 0.617738918  3  3  10  D
 0.659253008  3  3  11  D
 0.699386764  3  3  10  D
 0.723951079  3  4  10  D
 0.753462107  3  4  9  D
 0.764576524  3  4  8  D
 0.791699963  3  4  9  D
 0.820208515  3  5  9  D
 0.852614662  3  4  9  D
 0.893695528  3  4  8  D
 1.127635805  3  4  8  d
 0.009035408  4  11  14  E
 0.111225997  4  12  14  E
 0.127550300  4  12  0  E
 0.175601559  4  12  1  E
 0.211595935  4  11  1  E
 0.256059310  4  12  1  E
 0.284204167  4  11  1  E
 0.314566691  4  11  0  E
 0.341520584  4  11  14  E
 0.365980942  4  11  13  E
 0.409461524  4  10  13  E
 0.435299366  4  11  13  E
 0.456912490  4  11  14  E
 0.472334320  4  12  14  E
 0.501584569  4  12  0  E
 0.522604434  4  11  0  E
 0.533891617  4  11  14  E
 0.578596159  4  10  14  E
 0.627476767  4  10  0  E
 0.671681796  4  10  14  E
 0.719409664  4  9  14  E
 0.750197537  4  9  0  E
 0.782913682  4  9  1  E
 0.830374983  4  9  0  E
 0.868842589  4  8  0  E
 0.883438028  4  8  1  E
 0.910967964  4  8  2  E
 0.926878198  4  7  2  E
 1.156581980  4  7  2  e
 0.014627765  6  4  10  G
 0.127513005  6  5  10  G
 0.146265408  6  4  10  G
 0.160481641  6  4  11  G
 0.194598680  6  4  10  G
 0.231436229  6  4  11  G
 0.258642906  6  4  12  G
 0.285291835  6  4  11  G
 0.298092874  6  4  10  G
 0.313427915  6  4  9  G
 0.339630198  6  4  10  G
 0.359288811  6  5  10  G
 0.395893812  6  4  10  G
 0.429412683  6  4  9  G
 0.470254223  6  5  9  G
 0.489614779  6  5  10  G
 0.515034122  6  5  11  G
 0.535581431  6  6  11  G
 0.551290388  6  7  11  G
 0.572531144  6  7  12  G
 0.591322679  6  8  12  G
 0.610619733  6  7  12  G
 0.640834191  6  6  12  G
 0.681401553  6  6  13  G
 0.708693940  6  5  13  G
 0.738124691  6  5  14  G
 0.766031757  6  5  13  G
 0.807139537  6  4  13  G
 0.825869608  6  3  13  G
 0.846440506  6  3  14  G
 0.875616962  6  3  13  G
 0.896479024  6  3  14  G
 0.937465057  6  2  14  G
 0.985536371  6  2  13  G
 1.042175619  6  3  13  G
 1.074438530  6  4  13  G
 1.122597077  6  4  14  G
 1.144539469  6  4  13  G
 1.167077420  6  5  13  G
 1.187850045  6  6  13  G
 1.231762147  6  6  12  G
 1.275534616  6  5  12  G
 1.321599585  6  6  12  G
 1.345098608  6  6  11  G
 1.359169820  6  5  11  G
 1.372483366  6  6  11  G
 1.415944434  6  6  12  G
 1.439505357  6  6  13  G
 1.479340518  6  6  14  G
 1.507115059  6  6  0  G
 0.341981968  18  6  8  3
 0.359362738  18  6  7  3
 0.382832809  18  6  6  3
 1.528396488  18  15  15  3
 1.232578319  23  8  3  8
 1.599453505  23  8  2  8
 1.700906433  23  15  15  8
 0.068290050  12  8  8  M
 0.108226392  12  8  7  M
 0.137749210  12  9  7  M
 0.154826595  12  9  6  M
 0.204233150  12  9  7  M
 0.220744771  12  9  8  M
 0.252231748  12  9  9  M
 0.273530392  12  9  10  M
 0.317369856  12  10  10  M
 0.347200601  12  10  11  M
 0.389394473  12  11  11  M
 0.407891702  12  11  10  M
 0.450862877  12  10  10  M
 0.488097068  12  10  11  M
 0.522026903  12  11  11  M
 0.571577406  12  10  11  M
 0.632343486  12  10  12  M
 0.672558157  12  9  12  M
 0.697619368  12  10  12  M
 0.709304518  12  11  12  M
 0.733228836  12  11  13  M
 0.747027032  12  11  14  M
 0.785076598  12  12  14  M
 0.831764822  12  13  14  M
 0.846422912  12  13  13  M
 0.897091549  12  12  13  M
 0.950768078  12  12  12  M
 0.997928512  12  12  11  M
 1.046435780  12  12  12  M
 1.088450910  12  12  11  M
 1.129267634  12  12  10  M
 1.178197494  12  12  9  M
 1.218904986  12  13  9  M
 1.231072160  12  13  8  M
 1.245050681  12  13  7  M
 1.281611916  12  14  7  M
 1.307427619  12  13  7  M
 1.334620960  12  13  8  M
 1.364692004  12  13  7  M
 1.381745891  12  12  7  M
 1.431111211  12  12  6  M
 1.463268066  12  11  6  M
 1.489576580  12  11  5  M
 1.524012461  12  11  4  M
 1.575456161  12  11  5  M
 1.797209280  12  11  5  m
 0.004617585  1  10  1  B
 0.130255321  1  9  1  B
 0.155264485  1  9  0  B
 0.198165873  1  9  14  B
 0.247551809  1  10  14  B
 0.260591993  1  10  13  B
 0.297302231  1  10  14  B
 0.318175180  1  9  14  B
 0.345866094  1  8  14  B
 0.368794513  1  9  14  B
 0.418867412  1  9  13  B
 0.456904280  1  10  13  B
 0.502532655  1  10  12  B
 0.522532706  1  10  11  B
 0.541714862  1  10  12  B
 0.569118170  1  11  12  B
 0.596871744  1  10  12  B
 0.632195857  1  9  12  B
 0.672126188  1  9  11  B
 0.706627068  1  8  11  B
 0.744546593  1  8  12  B
 0.783112500  1  8  13  B
 0.817565101  1  9  13  B
 0.863756222  1  8  13  B
 0.898349974  1  9  13  B
 0.932883916  1  9  14  B
 0.968470622  1  9  13  B
 0.985547605  1  8  13  B
 1.042162301  1  7  13  B
 1.075518894  1  6  13  B
 1.122605484  1  6  12  B
 1.136141511  1  6  13  B
 1.152787353  1  6  14  B
 1.209807360  1  7  14  B
 1.259789687  1  8  14  B
 1.291109773  1  8  13  B
 1.302092682  1  7  13  B
 1.351520714  1  8  13  B
 1.386603127  1  9  13  B
 1.413992981  1  10  13  B
 1.426713376  1  10  14  B
 1.473702113  1  10  0  B
 1.507097408  1  10  1  B
 1.525451940  1  9  1  B
 1.541385135  1  9  2  B
 1.553768009  1  9  3  B
 1.599840628  1  8  3  B
 1.611844589  1  9  3  B
 1.658193435  1  9  4  B
 1.697030340  1  9  5  B
 1.747640838  1  8  5  B
 1.790216306  1  9  5  B
 1.820112979  1  8  5  B
 1.863337123  1  8  6  B
 1.894065354  1  8  7  B
 1.934427281  1  9  7  B
 1.981429053  1  8  7  B
 2.001155294  1  8  8  B
 2.041174586  1  8  7  B
 2.060673806  1  9  7  B
 2.108373642  1  8  7  B
 2.129479193  1  9  7  B
 2.154157120  1  10  7  B
 2.425492179  1  10  7  b
 1.239878891  16  3  8  1
 2.455322652  16  15  15  1
 0.065788617  11  5  7  L
 0.132433909  11  6  7  L
 0.146647575  11  5  7  L
 0.173917297  11  4  7  L
 0.193808692  11  3  7  L
 0.237159304  11  3  8  L
 0.258624017  11  2  8  L
 0.277192019  11  3  8  L
 0.298233247  11  2  8  L
 0.347210590  11  2  9  L
 0.383744645  11  1  9  L
 0.429239627  11  1  10  L
 0.454638423  11  1  9  L
 0.478020951  11  1  10  L
 0.505377054  11  1  11  L
 0.531859344  11  1  12  L
 0.571903627  11  1  13  L
 0.598442718  11  2  13  L
 0.648601243  11  1  13  L
 0.690637364  11  1  12  L
 0.734523457  11  1  13  L
 0.746048427  11  1  12  L
 0.789072007  11  1  13  L
 0.837357555  11  1  14  L
 0.871346483  11  1  13  L
 0.898695130  11  1  12  L
 0.933629783  11  1  13  L
 0.970822453  11  1  14  L
 0.999452250  11  0  14  L
 1.026689532  11  0  13  L
 1.054768046  11  0  12  L
 1.079118842  11  14  12  L
 1.122581460  11  13  12  L
 1.169284831  11  12  12  L
 1.209837289  11  12  11  L
 1.230584737  11  12  10  L
 1.267504777  11  11  10  L
 1.281773463  11  11  11  L
 1.318493687  11  12  11  L
 1.331728000  11  11  11  L
 1.364382282  11  11  12  L
 1.399743698  11  10  12  L
 1.419130514  11  9  12  L
 1.438630897  11  10  12  L
 1.472344289  11  11  12  L
 1.521398130  11  12  12  L
 1.538542952  11  12  13  L
 1.550852096  11  11  13  L
 1.597068832  11  11  12  L
 1.631676931  11  12  12  L
 1.674148060  11  12  13  L
 1.712237605  11  12  12  L
 1.748829672  11  12  13  L
 1.791195242  11  12  14  L
 1.815833095  11  13  14  L
 1.859644217  11  14  14  L
 1.886251815  11  14  13  L
 1.932954621  11  14  12  L
 1.962654757  11  0  12  L
 1.992822457  11  0  13  L
 2.033108807  11  0  12  L
 2.070375896  11  14  12  L
 2.088090780  11  0  12  L
 2.114866875  11  14  12  L
 2.156675250  11  0  12  L
 2.193418668  11  14  12  L
 2.234247756  11  14  13  L
 2.271070386  11  13  13  L
 2.285186391  11  13  12  L
 2.300545100  11  13  11  L
 2.348488140  11  13  10  L
 2.380606541  11  14  10  L
 2.392331769  11  14  9  L
 2.408773977  11  13  9  L
 2.459046418  11  13  8  L
 2.480395782  11  13  7  L
 2.491180372  11  13  8  L
 2.525309029  11  12  8  L
 2.551504179  11  12  9  L
 2.581386294  11  12  10  L
 2.594586773  11  11  10  L
 2.610790323  11  12  10  L
 0.985802181  19  11  1  4
 3.059138051  19  15  15  4
 1.011294947  15  14  8  0
 3.664950150  15  15  15  0
 0.301836897  22  10  1  7
 1.506502335  22  10  2  7
 4.168642981  22  15  15  7
 1.106193524  20  2  12  5
 4.578368437  20  15  15  5
 0.396580815  17  1  11  2
 0.505314292  17  1  12  2
 0.531623236  17  1  13  2
 0.571691101  17  1  14  2
 0.837275955  17  1  0  2
 4.824980692  17  15  15  2
