-1 15  15  15
 0.010585828  12  12  12  M
 0.049283796  12  12  11  M
 0.069684492  12  12  10  M
 0.109282404  12  12  9  M
 0.141129829  12  12  8  M
 0.190116282  12  12  7  M
 0.215053988  12  12  6  M
 0.259357850  12  12  5  M
 0.287554329  12  12  4  M
 0.336385069  12  12  3  M
 0.396672468  12  12  2  M
 0.439220750  12  12  1  M
 0.459523144  12  12  0  M
 0.478292343  12  12  14  M
 0.522064266  12  12  13  M
 0.010655356  13  13  13  N
 0.028334053  13  12  13  N
 0.060742833  13  11  13  N
 0.078179449  13  10  13  N
 0.097452002  13  9  13  N
 0.125795574  13  8  13  N
 0.176862599  13  7  13  N
 0.194338198  13  6  13  N
 0.221292441  13  5  13  N
 0.285553125  13  4  13  N
 0.324138002  13  3  13  N
 0.378521828  13  2  13  N
 0.435178544  13  1  13  N
 0.480563530  13  0  13  N
 0.529645838  13  14  13  N
 0.578059708  13  13  13  N
 0.646939305  13  13  13  n
 0.005603181  1  1  1  B
 0.039679412  1  0  1  B
 0.082434825  1  14  1  B
 0.127221253  1  13  1  B
 0.176836247  1  12  1  B
 0.204720498  1  11  1  B
 0.254455762  1  10  1  B
 0.308737511  1  9  1  B
 0.338051408  1  8  1  B
 0.352203958  1  7  1  B
 0.376218233  1  6  1  B
 0.435184444  1  5  1  B
 0.479399648  1  4  1  B
 0.527418674  1  3  1  B
 0.586868272  1  2  1  B
 0.624381820  1  1  1  B
 0.661235734  1  0  1  B
 0.714597768  1  14  1  B
 0.010790998  14  14  14  O
 0.023185234  14  14  0  O
 0.044596586  14  14  1  O
 0.082306033  14  14  2  O
 0.132202127  14  14  3  O
 0.177088756  14  14  4  O
 0.204711686  14  14  5  O
 0.253129170  14  14  6  O
 0.308751114  14  14  7  O
 0.352208604  14  14  8  O
 0.432942312  14  14  9  O
 0.467660395  14  14  10  O
 0.498374593  14  14  11  O
 0.527426402  14  14  12  O
 0.578522961  14  14  13  O
 0.608463728  14  14  14  O
 0.627077383  14  14  0  O
 0.690404709  14  14  1  O
 0.706171832  14  14  2  O
 0.723506083  14  14  3  O
 0.755634692  14  14  4  O
 0.784340182  14  14  5  O
 0.005944554  2  2  2  C
 0.022108329  2  2  3  C
 0.042830951  2  2  4  C
 0.060732869  2  2  5  C
 0.109610491  2  2  6  C
 0.158221567  2  2  7  C
 0.182906467  2  2  8  C
 0.215056483  2  2  9  C
 0.238573580  2  2  10  C
 0.255703116  2  2  11  C
 0.287281868  2  2  12  C
 0.329126738  2  2  13  C
 0.378210467  2  2  14  C
 0.398547420  2  2  0  C
 0.441721351  2  2  1  C
 0.469094044  2  2  2  C
 0.502717595  2  2  3  C
 0.536514933  2  2  4  C
 0.592234444  2  2  5  C
 0.629293918  2  2  6  C
 0.696635848  2  2  7  C
 0.754688846  2  2  8  C
 0.813841785  2  2  9  C
 0.835770363  2  2  10  C
 0.006738061  5  5  5  F
 0.039114016  5  6  5  F
 0.063529018  5  7  5  F
 0.109571357  5  8  5  F
 0.131664632  5  9  5  F
 0.157760045  5  10  5  F
 0.176861047  5  11  5  F
 0.214224735  5  12  5  F
 0.259237180  5  13  5  F
 0.291605190  5  14  5  F
 0.336896375  5  0  5  F
 0.376511149  5  1  5  F
 0.398101164  5  2  5  F
 0.436935424  5  3  5  F
 0.451899948  5  4  5  F
 0.492913909  5  5  5  F
 0.535651728  5  6  5  F
 0.586911776  5  7  5  F
 0.611025148  5  8  5  F
 0.628911386  5  9  5  F
 0.660694493  5  10  5  F
 0.690417999  5  11  5  F
 0.721446608  5  12  5  F
 0.764847665  5  13  5  F
 0.838486908  5  13  5  f
 0.006670676  4  4  4  E
 0.075372412  4  4  3  E
 0.128665214  4  4  2  E
 0.154349185  4  4  1  E
 0.187867803  4  4  0  E
 0.212632557  4  4  14  E
 0.236360576  4  4  13  E
 0.284876443  4  4  12  E
 0.308125001  4  4  11  E
 0.340079591  4  4  10  E
 0.396298699  4  4  9  E
 0.431957569  4  4  8  E
 0.451554741  4  4  7  E
 0.464422816  4  4  6  E
 0.493125588  4  4  5  E
 0.538452552  4  4  4  E
 0.589087164  4  4  3  E
 0.625704336  4  4  2  E
 0.648105278  4  4  1  E
 0.691638246  4  4  0  E
 0.721541206  4  4  14  E
 0.751442339  4  4  13  E
 0.775752663  4  4  12  E
 0.824266412  4  4  11  E
 0.939513202  4  4  10  E
 0.975555876  4  4  9  E
 0.006307871  3  3  3  D
 0.039421871  3  4  3  D
 0.075146196  3  5  3  D
 0.109289163  3  6  3  D
 0.125773295  3  7  3  D
 0.153102006  3  8  3  D
 0.176853956  3  9  3  D
 0.212259162  3  10  3  D
 0.242109243  3  11  3  D
 0.287576049  3  12  3  D
 0.329074499  3  13  3  D
 0.351553130  3  14  3  D
 0.397340401  3  0  3  D
 0.440108742  3  1  3  D
 0.472478462  3  2  3  D
 0.502320978  3  3  3  D
 0.536223880  3  4  3  D
 0.578075730  3  5  3  D
 0.624407482  3  6  3  D
 0.644140214  3  7  3  D
 0.660700502  3  8  3  D
 0.690411830  3  9  3  D
 0.731744601  3  10  3  D
 0.764860186  3  11  3  D
 0.784757344  3  12  3  D
 0.833902075  3  13  3  D
 0.883071643  3  14  3  D
 0.976277724  3  0  3  D
 1.003261171  3  1  3  D
 1.040273374  3  2  3  D
 1.090574005  3  3  3  D
 1.137359786  3  4  3  D
 1.168103886  3  5  3  D
 0.007674469  9  9  9  J
 0.049291219  9  8  9  J
 0.061465394  9  7  9  J
 0.109598646  9  6  9  J
 0.134582739  9  5  9  J
 0.179136691  9  4  9  J
 0.189647282  9  3  9  J
 0.238592416  9  2  9  J
 0.287263845  9  1  9  J
 0.311833432  9  0  9  J
 0.375638036  9  14  9  J
 0.432082056  9  13  9  J
 0.480329930  9  12  9  J
 0.508269393  9  11  9  J
 0.535336158  9  10  9  J
 0.589071304  9  9  9  J
 0.652861812  9  8  9  J
 0.697336865  9  7  9  J
 0.723134133  9  6  9  J
 0.754436131  9  5  9  J
 0.785823370  9  4  9  J
 0.829204339  9  3  9  J
 0.939466620  9  2  9  J
 0.966963543  9  1  9  J
 0.992594049  9  0  9  J
 1.033579648  9  14  9  J
 1.073970802  9  13  9  J
 1.117942467  9  12  9  J
 1.149718379  9  11  9  J
 1.181174883  9  10  9  J
 1.224091711  9  9  9  J
 1.253771052  9  8  9  J
 1.274720199  9  7  9  J
 1.298902075  9  6  9  J
 1.340675374  9  5  9  J
 1.428502587  9  5  9  j
 0.009661411  11  11  11  L
 0.030635381  11  10  11  L
 0.050875040  11  9  11  L
 0.085093083  11  8  11  L
 0.128466336  11  7  11  L
 0.169427470  11  6  11  L
 0.217368552  11  5  11  L
 0.264252332  11  4  11  L
 0.278648326  11  3  11  L
 0.306918099  11  2  11  L
 0.336287466  11  1  11  L
 0.363435155  11  0  11  L
 0.396620965  11  14  11  L
 0.444594706  11  13  11  L
 0.486921082  11  12  11  L
 0.505204771  11  11  11  L
 0.546632442  11  10  11  L
 0.597811344  11  9  11  L
 0.645669929  11  8  11  L
 0.673804083  11  7  11  L
 0.707981313  11  6  11  L
 0.745680431  11  5  11  L
 0.778894126  11  4  11  L
 0.824074730  11  3  11  L
 0.876097483  11  2  11  L
 0.894413896  11  1  11  L
 0.923150454  11  0  11  L
 0.961376974  11  14  11  L
 0.984109771  11  13  11  L
 1.029118270  11  12  11  L
 1.076414001  11  11  11  L
 1.109272973  11  10  11  L
 1.139452877  11  9  11  L
 1.189827329  11  8  11  L
 1.232388442  11  7  11  L
 1.270550004  11  6  11  L
 1.291486775  11  5  11  L
 1.311644475  11  4  11  L
 1.363819562  11  3  11  L
 1.391841065  11  2  11  L
 1.437323512  11  1  11  L
 1.542084963  11  0  11  L
 1.559599027  11  14  11  L
 1.597392201  11  13  11  L
 0.008365684  10  10  10  K
 0.039295357  10  10  9  K
 0.051893544  10  10  8  K
 0.132524478  10  10  7  K
 0.157764067  10  10  6  K
 0.186933822  10  10  5  K
 0.238688980  10  10  4  K
 0.290351219  10  10  3  K
 0.332241038  10  10  2  K
 0.376678167  10  10  1  K
 0.436920489  10  10  0  K
 0.469954939  10  10  14  K
 0.511628655  10  10  13  K
 0.530423297  10  10  12  K
 0.598052236  10  10  11  K
 0.625544315  10  10  10  K
 0.644153745  10  10  9  K
 0.690386104  10  10  8  K
 0.745356121  10  10  7  K
 0.785400462  10  10  6  K
 0.836235589  10  10  5  K
 0.939645708  10  10  4  K
 0.961563115  10  10  3  K
 0.978081252  10  10  2  K
 1.026098688  10  10  1  K
 1.040519686  10  10  0  K
 1.056436119  10  10  14  K
 1.098252436  10  10  13  K
 1.139652274  10  10  12  K
 1.191163141  10  10  11  K
 1.266283982  10  10  10  K
 1.291196318  10  10  9  K
 1.367321557  10  10  8  K
 1.384885079  10  10  7  K
 1.431270675  10  10  6  K
 1.445561790  10  10  5  K
 1.542253829  10  10  4  K
 1.580863584  10  10  3  K
 1.623746679  10  10  2  K
 1.705912195  10  10  1  K
 1.734254346  10  10  0  K
 1.760268242  10  10  14  K
 1.834025163  10  10  13  K
 0.007130836  7  7  7  H
 0.028341428  7  8  7  H
 0.062606584  7  9  7  H
 0.084959813  7  10  7  H
 0.132527786  7  11  7  H
 0.157967934  7  12  7  H
 0.189737450  7  13  7  H
 0.213151970  7  14  7  H
 0.256275676  7  0  7  H
 0.290355651  7  1  7  H
 0.312285772  7  2  7  H
 0.323658130  7  3  7  H
 0.376684294  7  4  7  H
 0.436946215  7  5  7  H
 0.467546994  7  6  7  H
 0.498837263  7  7  7  H
 0.565149933  7  8  7  H
 0.587627522  7  9  7  H
 0.604178932  7  10  7  H
 0.644400064  7  11  7  H
 0.690824728  7  12  7  H
 0.724627745  7  13  7  H
 0.754784410  7  14  7  H
 0.789210418  7  0  7  H
 0.833927544  7  1  7  H
 0.883078189  7  2  7  H
 0.941775098  7  3  7  H
 0.962219341  7  4  7  H
 0.998229887  7  5  7  H
 1.011170597  7  6  7  H
 1.033006919  7  7  7  H
 1.047532436  7  8  7  H
 1.098758347  7  9  7  H
 1.115304648  7  10  7  H
 1.170337800  7  11  7  H
 1.212620042  7  12  7  H
 1.230156278  7  13  7  H
 1.280657842  7  14  7  H
 1.366088974  7  0  7  H
 1.382891916  7  1  7  H
 1.428589428  7  2  7  H
 1.442113158  7  3  7  H
 1.546246332  7  4  7  H
 1.590555749  7  5  7  H
 1.610736277  7  6  7  H
 1.667276852  7  7  7  H
 1.731955336  7  8  7  H
 1.768331515  7  9  7  H
 1.833004613  7  10  7  H
 1.897302166  7  11  7  H
 1.919051275  7  12  7  H
 1.956445695  7  13  7  H
 0.005465678  0  0  0  A
 0.025233005  0  0  14  A
 0.049163747  0  0  13  A
 0.079145553  0  0  12  A
 0.109580229  0  0  11  A
 0.144582319  0  0  10  A
 0.183090248  0  0  9  A
 0.211592968  0  0  8  A
 0.237689905  0  0  7  A
 0.255788638  0  0  6  A
 0.290086416  0  0  5  A
 0.336562597  0  0  4  A
 0.375628224  0  0  3  A
 0.396251663  0  0  2  A
 0.435585351  0  0  1  A
 0.451546083  0  0  0  A
 0.469674729  0  0  14  A
 0.529775515  0  0  13  A
 0.589095103  0  0  12  A
 0.602742716  0  0  11  A
 0.648510185  0  0  10  A
 0.691651425  0  0  9  A
 0.715167872  0  0  8  A
 0.744684231  0  0  7  A
 0.785841572  0  0  6  A
 0.796908557  0  0  5  A
 0.829220154  0  0  4  A
 0.939504606  0  0  3  A
 0.975649056  0  0  2  A
 0.999496952  0  0  1  A
 1.035575785  0  0  0  A
 1.077116468  0  0  14  A
 1.107215153  0  0  13  A
 1.149738483  0  0  12  A
 1.161700862  0  0  11  A
 1.198204659  0  0  10  A
 1.229292414  0  0  9  A
 1.262379652  0  0  8  A
 1.298892500  0  0  7  A
 1.348716819  0  0  6  A
 1.360399793  0  0  5  A
 1.381112334  0  0  4  A
 1.399643453  0  0  3  A
 1.456941744  0  0  2  A
 1.476595995  0  0  1  A
 1.515217772  0  0  0  A
 1.558487330  0  0  14  A
 1.583921687  0  0  13  A
 1.630230817  0  0  12  A
 1.661986337  0  0  11  A
 1.698749853  0  0  10  A
 1.726396598  0  0  9  A
 1.767810502  0  0  8  A
 1.821031773  0  0  7  A
 1.837516434  0  0  6  A
 1.874361997  0  0  5  A
 1.905904908  0  0  4  A
 1.941079117  0  0  3  A
 1.972764563  0  0  2  A
 1.986539093  0  0  1  A
 1.997477169  0  0  0  A
 2.034704093  0  0  14  A
 2.082332862  0  0  13  A
 2.108890460  0  0  12  A
 2.156115298  0  0  11  A
 2.175779491  0  0  10  A
 2.223006749  0  0  9  A
 2.237023488  0  0  8  A
 2.285990089  0  0  7  A
 2.300761956  0  0  6  A
 2.327400358  0  0  5  A
 2.352541768  0  0  4  A
 2.397126678  0  0  3  A
 2.441366871  0  0  2  A
 2.461015244  0  0  1  A
 2.491993701  0  0  0  A
 2.537903425  0  0  14  A
 2.571758973  0  0  13  A
 2.588686113  0  0  12  A
 2.632429373  0  0  11  A
 2.661691458  0  0  10  A
 2.694201652  0  0  9  A
 2.734516144  0  0  8  A
 2.755097231  0  0  7  A
 2.792929706  0  0  6  A
 2.821204733  0  0  5  A
 2.869288734  0  0  4  A
 2.900798982  0  0  3  A
 2.940720999  0  0  2  A
 2.967017315  0  0  1  A
 3.013438584  0  0  0  A
 3.028471005  0  0  14  A
 3.060607349  0  0  13  A
 3.083734220  0  0  12  A
 3.114010893  0  0  11  A
 3.140000477  0  0  10  A
 3.184634393  0  0  9  A
 3.201845084  0  0  8  A
 3.243331421  0  0  7  A
 0.007499725  8  8  8  I
 0.061478256  8  8  9  I
 0.110579008  8  8  10  I
 0.138021254  8  8  11  I
 0.189016543  8  8  12  I
 0.215048137  8  8  13  I
 0.238585103  8  8  14  I
 0.264109886  8  8  0  I
 0.287255142  8  8  1  I
 0.312394680  8  8  2  I
 0.376702813  8  8  3  I
 0.398119383  8  8  4  I
 0.441679227  8  8  5  I
 0.491116130  8  8  6  I
 0.529637256  8  8  7  I
 0.564955247  8  8  8  I
 0.607417750  8  8  9  I
 0.652818407  8  8  10  I
 0.673797304  8  8  11  I
 0.687219379  8  8  12  I
 0.707605919  8  8  13  I
 0.725089179  8  8  14  I
 0.773352751  8  8  0  I
 0.804439044  8  8  1  I
 0.858517149  8  8  2  I
 0.894435723  8  8  3  I
 0.934352529  8  8  4  I
 0.957033287  8  8  5  I
 0.986009913  8  8  6  I
 1.001203523  8  8  7  I
 1.014709844  8  8  8  I
 1.039297294  8  8  9  I
 1.077572577  8  8  10  I
 1.106577956  8  8  11  I
 1.139444034  8  8  12  I
 1.169500560  8  8  13  I
 1.232373436  8  8  14  I
 1.280540923  8  8  0  I
 1.303613030  8  8  1  I
 1.363793247  8  8  2  I
 1.384046622  8  8  3  I
 1.429130935  8  8  4  I
 1.542047739  8  8  5  I
 1.559613224  8  8  6  I
 1.593347020  8  8  7  I
 1.622159053  8  8  8  I
 1.705928277  8  8  9  I
 1.739723125  8  8  10  I
 1.830710590  8  8  11  I
 1.898233921  8  8  12  I
 1.918333791  8  8  13  I
 1.955754526  8  8  14  I
 1.994261682  8  8  0  I
 2.043161827  8  8  1  I
 2.063306384  8  8  2  I
 2.122041692  8  8  3  I
 2.160396731  8  8  4  I
 2.264720238  8  8  5  I
 2.314947342  8  8  6  I
 2.334504204  8  8  7  I
 2.381080002  8  8  8  I
 2.415735140  8  8  9  I
 2.597810442  8  8  10  I
 2.651777351  8  8  11  I
 2.735903784  8  8  12  I
 2.768418313  8  8  13  I
 2.831983197  8  8  14  I
 3.099974430  8  8  0  I
 3.242821212  8  8  1  I
 3.254407917  8  8  2  I
 3.298873175  8  8  3  I
 3.335275957  8  8  4  I
 3.373779982  8  8  5  I
 3.418358605  8  8  6  I
 3.489862289  8  8  7  I
 3.515625496  8  8  8  I
 3.566854335  8  8  9  I
 3.615713368  8  8  10  I
 3.650623998  8  8  11  I
 3.670407960  8  8  12  I
 3.710459948  8  8  13  I
 3.744774026  8  8  14  I
 3.770634708  8  8  0  I
 0.006926479  6  6  6  G
 0.049194072  6  6  7  G
 0.085810721  6  6  8  G
 0.134592419  6  6  9  G
 0.176870786  6  6  10  G
 0.217514122  6  6  11  G
 0.253174190  6  6  12  G
 0.287359514  6  6  13  G
 0.308747313  6  6  14  G
 0.335426699  6  6  0  G
 0.352193566  6  6  1  G
 0.376222878  6  6  2  G
 0.404548643  6  6  3  G
 0.435164543  6  6  4  G
 0.483511514  6  6  5  G
 0.498320732  6  6  6  G
 0.540243484  6  6  7  G
 0.581550594  6  6  8  G
 0.604182972  6  6  9  G
 0.621180170  6  6  10  G
 0.660130684  6  6  11  G
 0.707976106  6  6  12  G
 0.745690219  6  6  13  G
 0.794827258  6  6  14  G
 0.833920810  6  6  0  G
 0.883050388  6  6  1  G
 0.941107569  6  6  2  G
 0.997526349  6  6  3  G
 1.042299148  6  6  4  G
 1.084610222  6  6  5  G
 1.137348080  6  6  6  G
 1.181365341  6  6  7  G
 1.198611812  6  6  8  G
 1.231228384  6  6  9  G
 1.280957719  6  6  10  G
 1.365702016  6  6  11  G
 1.382986194  6  6  12  G
 1.427704406  6  6  13  G
 1.542121556  6  6  14  G
 1.593353462  6  6  0  G
 1.632429466  6  6  1  G
 1.705923913  6  6  2  G
 1.730055856  6  6  3  G
 1.755440265  6  6  4  G
 1.830701406  6  6  5  G
 1.861431946  6  6  6  G
 1.918348764  6  6  7  G
 1.955739367  6  6  8  G
 1.967185293  6  6  9  G
 1.995748280  6  6  10  G
 2.043798191  6  6  11  G
 2.072735785  6  6  12  G
 2.102638101  6  6  13  G
 2.156273163  6  6  14  G
 2.182554419  6  6  0  G
 2.265567721  6  6  1  G
 2.314451257  6  6  2  G
 2.334142581  6  6  3  G
 2.378232316  6  6  4  G
 2.421481543  6  6  5  G
 2.599132368  6  6  6  G
 2.625375167  6  6  7  G
 2.652094876  6  6  8  G
 2.734560942  6  6  9  G
 2.749997809  6  6  10  G
 2.773174806  6  6  11  G
 2.805231855  6  6  12  G
 2.869303978  6  6  13  G
 2.914930267  6  6  14  G
 2.956680177  6  6  0  G
 2.992848206  6  6  1  G
 3.032371712  6  6  2  G
 3.053191110  6  6  3  G
 3.079049019  6  6  4  G
 3.127407631  6  6  5  G
 3.164385346  6  6  6  G
 3.184605729  6  6  7  G
 3.216896255  6  6  8  G
 3.264246965  6  6  9  G
 3.310855216  6  6  10  G
 3.327533714  6  6  11  G
 3.377663538  6  6  12  G
 3.457878631  6  6  13  G
 3.568133060  6  6  14  G
 3.633631870  6  6  0  G
 3.716414767  6  6  1  G
 3.777644686  6  6  2  G
 3.798858420  6  6  3  G
 3.840000271  6  6  4  G
 3.868915514  6  6  5  G
 3.886261449  6  6  6  G
 3.925001473  6  6  7  G
 3.939650501  6  6  8  G
 3.987969735  6  6  9  G
