-1 15  15  15
 0.005168730  6  13  9  G
 0.060983830  6  13  8  G
 0.142071620  6  14  8  G
 0.232807620  6  14  8  g
 0.003726872  1  14  8  B
 0.023413334  1  13  8  B
 0.060866940  1  13  7  B
 0.086382466  1  14  7  B
 0.114204204  1  14  8  B
 0.141497823  1  14  7  B
 0.238437233  1  14  7  b
 0.008694755  12  13  6  M
 0.024083654  12  13  7  M
 0.047161963  12  14  7  M
 0.068576982  12  14  6  M
 0.086516367  12  0  6  M
 0.137234563  12  0  5  M
 0.150166518  12  0  4  M
 0.181997364  12  0  3  M
 0.212488744  12  0  2  M
 0.238982503  12  0  3  M
 0.290876027  12  1  3  M
 0.404558267  12  1  3  m
 0.007911718  10  6  1  K
 0.024351642  10  6  2  K
 0.041113929  10  5  2  K
 0.078201409  10  5  3  K
 0.115099605  10  6  3  K
 0.142863236  10  5  3  K
 0.158502289  10  4  3  K
 0.190387350  10  4  2  K
 0.236039017  10  3  2  K
 0.295517773  10  3  3  K
 0.321800804  10  2  3  K
 0.417440485  10  2  3  k
 0.003443957  0  6  10  A
 0.047664286  0  6  11  A
 0.073161544  0  5  11  A
 0.104363515  0  6  11  A
 0.147902201  0  7  11  A
 0.177062331  0  6  11  A
 0.220468864  0  7  11  A
 0.256284671  0  7  10  A
 0.295865403  0  7  11  A
 0.383035759  0  6  11  A
 0.453991563  0  6  11  a
 0.005619824  8  0  8  I
 0.026822613  8  1  8  I
 0.073600991  8  1  7  I
 0.124320168  8  1  8  I
 0.148839689  8  0  8  I
 0.181834580  8  0  9  I
 0.197897745  8  0  10  I
 0.230815565  8  14  10  I
 0.256646824  8  0  10  I
 0.308483748  8  0  11  I
 0.332206448  8  1  11  I
 0.381720956  8  1  12  I
 0.456683729  8  1  12  i
 0.010187446  14  11  0  O
 0.025384769  14  12  0  O
 0.061028413  14  12  14  O
 0.094496475  14  13  14  O
 0.126307398  14  13  0  O
 0.138096933  14  14  0  O
 0.165165967  14  0  0  O
 0.177080982  14  0  1  O
 0.224245947  14  0  0  O
 0.238988215  14  1  0  O
 0.290866766  14  1  14  O
 0.346934990  14  1  13  O
 0.459678325  14  1  13  o
 0.008452792  11  12  9  L
 0.040160054  11  12  10  L
 0.090011543  11  12  9  L
 0.118124295  11  12  10  L
 0.138549787  11  11  10  L
 0.181483571  11  11  11  L
 0.224253062  11  11  10  L
 0.256313821  11  12  10  L
 0.295860884  11  12  9  L
 0.344282255  11  13  9  L
 0.403364748  11  14  9  L
 0.469073873  11  14  9  l
 0.006206162  9  7  12  J
 0.026036310  9  7  13  J
 0.068809800  9  6  13  J
 0.115790560  9  5  13  J
 0.138554863  9  6  13  J
 0.181469105  9  5  13  J
 0.228583604  9  5  12  J
 0.296292520  9  5  11  J
 0.345350058  9  6  11  J
 0.382984696  9  6  12  J
 0.486403758  9  6  12  j
 0.009632562  13  14  14  N
 0.048801396  13  0  14  N
 0.090164212  13  14  14  N
 0.126315337  13  13  14  N
 0.141408813  13  13  0  N
 0.170102256  13  12  0  N
 0.191148631  13  12  1  N
 0.233013355  13  13  1  N
 0.263595919  13  14  1  N
 0.315837825  13  0  1  N
 0.336012250  13  1  1  N
 0.372483287  13  2  1  N
 0.413366923  13  2  0  N
 0.438925087  13  2  1  N
 0.467905608  13  1  1  N
 0.487566056  13  1  0  N
 0.517980127  13  0  0  N
 0.552764576  13  14  0  N
 0.564590781  13  13  0  N
 0.598374194  13  13  14  N
 0.625266786  13  13  13  N
 0.656181124  13  14  13  N
 0.686827250  13  14  12  N
 0.711153837  13  0  12  N
 0.730292200  13  0  13  N
 0.829244607  13  0  13  n
 0.004355925  3  4  14  D
 0.036477303  3  4  0  D
 0.062195356  3  4  14  D
 0.090006443  3  5  14  D
 0.115797870  3  5  0  D
 0.138538864  3  6  0  D
 0.181489355  3  5  0  D
 0.228593556  3  4  0  D
 0.295890426  3  5  0  D
 0.344276804  3  5  14  D
 0.359518555  3  5  0  D
 0.372345343  3  6  0  D
 0.405331042  3  6  1  D
 0.425263363  3  7  1  D
 0.456802119  3  7  0  D
 0.501678709  3  8  0  D
 0.527437556  3  7  0  D
 0.565391813  3  7  14  D
 0.656344704  3  7  13  D
 0.698512291  3  7  12  D
 0.722672542  3  7  13  D
 0.765946125  3  6  13  D
 0.851193842  3  6  13  d
 0.004793552  5  11  7  F
 0.030118781  5  12  7  F
 0.075577934  5  12  6  F
 0.090418429  5  12  5  F
 0.125179285  5  13  5  F
 0.182011567  5  13  4  F
 0.222277007  5  12  4  F
 0.269851441  5  13  4  F
 0.292851668  5  12  4  F
 0.321779589  5  12  3  F
 0.341389357  5  12  2  F
 0.366777633  5  11  2  F
 0.397888154  5  11  3  F
 0.422314172  5  11  4  F
 0.469767840  5  12  4  F
 0.487346125  5  12  5  F
 0.521875551  5  12  6  F
 0.577336868  5  12  5  F
 0.653538186  5  12  4  F
 0.710654034  5  13  4  F
 0.736910009  5  13  5  F
 0.802443352  5  12  5  F
 0.843674475  5  11  5  F
 0.877464659  5  12  5  F
 0.910799074  5  11  5  F
 0.940149401  5  12  5  F
 0.980051886  5  12  4  F
 0.996825810  5  13  4  F
 1.022046960  5  12  4  F
 1.080672889  5  13  4  F
 1.148137899  5  13  3  F
 1.192656663  5  13  4  F
 0.005353287  7  9  13  H
 0.054503864  7  8  13  H
 0.112993254  7  9  13  H
 0.180844215  7  9  14  H
 0.224099120  7  10  14  H
 0.297652799  7  10  0  H
 0.351188235  7  10  14  H
 0.404996137  7  10  0  H
 0.423221531  7  11  0  H
 0.460040219  7  10  0  H
 0.505705932  7  10  1  H
 0.578812800  7  9  1  H
 0.662566600  7  10  1  H
 0.687111542  7  10  2  H
 0.713236291  7  10  1  H
 0.739463176  7  11  1  H
 0.806370163  7  11  2  H
 0.832714045  7  11  3  H
 0.865014087  7  11  4  H
 0.939739484  7  10  4  H
 0.961301947  7  10  5  H
 0.978208475  7  10  6  H
 1.005514439  7  10  5  H
 1.024697422  7  11  5  H
 1.036854198  7  11  6  H
 1.084765988  7  12  6  H
 1.148155765  7  11  6  H
 1.197576198  7  11  7  H
 1.235445300  7  11  6  H
 1.336950868  7  11  5  H
 1.348677607  7  12  5  H
 1.458270266  7  13  5  H
 1.624123692  7  13  5  h
 0.004224803  2  4  13  C
 0.024093749  2  3  13  C
 0.058981515  2  4  13  C
 0.086510709  2  3  13  C
 0.114850643  2  3  12  C
 0.158509901  2  4  12  C
 0.183026615  2  3  12  C
 0.210494200  2  4  12  C
 0.236042750  2  4  13  C
 0.295855013  2  4  12  C
 0.344265856  2  5  12  C
 0.403376925  2  4  12  C
 0.449174113  2  3  12  C
 0.488150490  2  3  11  C
 0.523859148  2  3  12  C
 0.565380037  2  3  13  C
 0.586864633  2  3  14  C
 0.656334854  2  4  14  C
 0.686453699  2  4  0  C
 0.739125708  2  3  0  C
 0.780585682  2  4  0  C
 0.808087830  2  5  0  C
 0.846983880  2  5  1  C
 0.910814286  2  6  1  C
 0.948465751  2  6  0  C
 0.963381583  2  5  0  C
 0.978382464  2  6  0  C
 0.996467471  2  6  1  C
 1.025872941  2  5  1  C
 1.081684764  2  6  1  C
 1.096401351  2  6  0  C
 1.123757062  2  7  0  C
 1.154145311  2  6  0  C
 1.193647806  2  7  0  C
 1.211118082  2  8  0  C
 1.236459811  2  8  1  C
 1.345158598  2  9  1  C
 1.459853383  2  8  1  C
 1.560850291  2  7  1  C
 1.596258871  2  8  1  C
 1.624989587  2  7  1  C
 1.843528217  2  7  2  C
 1.875959657  2  7  3  C
 1.923928410  2  7  4  C
 1.965419861  2  8  4  C
 1.997514219  2  8  5  C
 2.047572225  2  8  4  C
 2.069227009  2  8  5  C
 2.110439898  2  8  6  C
 2.169590721  2  8  7  C
 2.215734775  2  8  8  C
 2.267491551  2  7  8  C
 2.303213475  2  7  9  C
 2.320503499  2  8  9  C
 2.351030858  2  7  9  C
 2.375324676  2  8  9  C
 2.412735705  2  8  10  C
 2.459253628  2  8  9  C
 2.483281371  2  8  10  C
 2.536834183  2  9  10  C
 2.573553234  2  9  9  C
 2.626128255  2  9  10  C
 2.647424732  2  10  10  C
 2.686401576  2  10  9  C
 2.739543344  2  11  9  C
 2.768910061  2  12  9  C
 2.792990761  2  13  9  C
 2.875162867  2  13  9  c
 0.004494273  4  9  4  E
 0.035705161  4  8  4  E
 0.060834413  4  7  4  E
 0.074116647  4  7  5  E
 0.086659330  4  6  5  E
 0.098939772  4  5  5  E
 0.150048187  4  5  6  E
 0.194074499  4  5  5  E
 0.209496513  4  6  5  E
 0.230819463  4  5  5  E
 0.275720279  4  5  4  E
 0.301438124  4  5  3  E
 0.348293937  4  4  3  E
 0.364629050  4  5  3  E
 0.381726584  4  6  3  E
 0.422057902  4  7  3  E
 0.460331009  4  8  3  E
 0.489521824  4  7  3  E
 0.515481358  4  7  4  E
 0.555919826  4  6  4  E
 0.585068955  4  6  3  E
 0.637049125  4  6  2  E
 0.648576659  4  6  1  E
 0.659198744  4  6  2  E
 0.671405953  4  6  3  E
 0.709190235  4  6  4  E
 0.755620706  4  5  4  E
 0.795720572  4  4  4  E
 0.830282095  4  4  3  E
 0.865023253  4  5  3  E
 0.876513537  4  5  4  E
 0.908234404  4  5  5  E
 0.935475430  4  6  5  E
 0.966494279  4  5  5  E
 0.985387087  4  4  5  E
 1.018385264  4  4  6  E
 1.055602745  4  5  6  E
 1.101420993  4  5  5  E
 1.139075982  4  5  4  E
 1.152509933  4  5  3  E
 1.193157755  4  4  3  E
 1.241653907  4  4  4  E
 1.292667186  4  5  4  E
 1.340566852  4  4  4  E
 1.457346078  4  4  3  E
 1.562733773  4  5  3  E
 1.611039025  4  5  2  E
 1.640751901  4  4  2  E
 1.846014538  4  4  1  E
 1.914941453  4  3  1  E
 1.945200729  4  2  1  E
 1.981171163  4  2  0  E
 2.093585930  4  2  14  E
 2.127111577  4  2  0  E
 2.244916478  4  2  14  E
 2.457092905  4  2  0  E
 2.484240128  4  2  1  E
 2.525672371  4  3  1  E
 2.868861553  4  4  1  E
 2.950462425  4  4  0  E
