-1  35  15  15
 0.039582820  10  15  15  A
 0.047788668  16  3  6  G
 0.096397076  16  15  15  G
 0.044164834  13  6  11  D
 0.121601269  13  15  15  D
 0.100503451  29  0  3  4
 0.201458606  29  15  15  4
 0.046637812  15  13  0  F
 0.108678851  15  12  0  F
 0.148529320  15  11  0  F
 0.191603621  15  10  0  F
 0.236579551  15  15  15  F
 0.054546347  18  3  13  I
 0.098775991  18  3  12  I
 0.111567583  18  3  11  I
 0.146890188  18  3  12  I
 0.179253270  18  3  13  I
 0.209490364  18  3  12  I
 0.241129714  18  15  15  I
 0.056522178  20  1  6  K
 0.106417549  20  1  7  K
 0.147116467  20  0  7  K
 0.168500286  20  14  7  K
 0.192723541  20  14  8  K
 0.222886048  20  14  9  K
 0.258774095  20  14  8  K
 0.285720135  20  0  8  K
 0.307533929  20  0  9  K
 0.346652194  20  15  15  K
 0.042626175  12  13  14  C
 0.130213480  12  14  14  C
 0.168179516  12  14  0  C
 0.210332067  12  13  0  C
 0.245535385  12  13  14  C
 0.470733662  12  13  14  c
 0.060867054  23  14  14  N
 0.127701559  23  14  0  N
 0.167995593  23  14  1  N
 0.210924546  23  14  0  N
 0.245474182  23  14  14  N
 0.473569735  23  14  14  n
 0.059755820  22  14  9  M
 0.104536412  22  0  9  M
 0.136707528  22  0  10  M
 0.174118059  22  1  10  M
 0.194345033  22  1  11  M
 0.210273594  22  1  12  M
 0.242914464  22  1  13  M
 0.300516347  22  1  12  M
 0.320683941  22  1  11  M
 0.348262184  22  1  12  M
 0.404665272  22  1  11  M
 0.445387902  22  1  12  M
 0.458771906  22  1  13  M
 0.492099669  22  2  13  M
 0.505871106  22  15  15  M
 0.106559531  31  13  1  6
 0.609367619  31  15  15  6
 0.058225300  21  7  14  L
 0.108611943  21  7  0  L
 0.131808144  21  6  0  L
 0.177470016  21  5  0  L
 0.216138822  21  6  0  L
 0.239217190  21  7  0  L
 0.279349899  21  6  0  L
 0.334573594  21  6  1  L
 0.365590110  21  6  2  L
 0.411346092  21  5  2  L
 0.423734699  21  6  2  L
 0.451257334  21  7  2  L
 0.493599061  21  8  2  L
 0.525460507  21  7  2  L
 0.572412904  21  6  2  L
 0.605333871  21  7  2  L
 0.650396253  21  7  1  L
 0.676375463  21  8  1  L
 0.714706247  21  9  1  L
 0.750494895  21  8  1  L
 0.248582546  27  1  11  2
 0.320466565  27  1  10  2
 0.827645623  27  15  15  2
 0.045519271  14  9  14  E
 0.098687375  14  10  14  E
 0.144661126  14  10  13  E
 0.177217795  14  11  13  E
 0.196126290  14  12  13  E
 0.211232036  14  11  13  E
 0.254210385  14  10  13  E
 0.301651845  14  10  12  E
 0.347513291  14  9  12  E
 0.363305070  14  8  12  E
 0.410620547  14  8  13  E
 0.429662312  14  7  13  E
 0.447862443  14  6  13  E
 0.482987026  14  6  12  E
 0.518787741  14  5  12  E
 0.532200406  14  5  11  E
 0.567817984  14  4  11  E
 0.581437437  14  3  11  E
 0.629342870  14  3  10  E
 0.672634157  14  3  9  E
 0.706203209  14  2  9  E
 0.727965807  14  2  10  E
 0.750951272  14  2  9  E
 0.788389563  14  3  9  E
 0.828491787  14  2  9  E
 0.864908706  14  2  8  E
 0.909726002  14  2  9  E
 0.932480792  14  2  8  E
 0.978952226  14  1  8  E
 1.007791944  14  15  15  E
 0.040556941  11  3  3  B
 0.108612975  11  3  4  B
 0.144481182  11  2  4  B
 0.167950784  11  3  4  B
 0.209501730  11  2  4  B
 0.237251363  11  1  4  B
 0.276437234  11  0  4  B
 0.302478548  11  0  5  B
 0.314710747  11  0  6  B
 0.345786065  11  1  6  B
 0.369252833  11  0  6  B
 0.417620846  11  14  6  B
 0.441687240  11  0  6  B
 0.488888484  11  0  7  B
 0.539884182  11  14  7  B
 0.568529781  11  0  7  B
 0.595817255  11  0  8  B
 0.607324087  11  14  8  B
 0.634173726  11  14  7  B
 0.672333882  11  14  8  B
 0.696370561  11  14  9  B
 0.725967364  11  13  9  B
 0.750595117  11  12  9  B
 0.765713448  11  12  10  B
 0.813148699  11  11  10  B
 0.829340176  11  11  11  B
 0.873172658  11  11  10  B
 0.920308308  11  11  9  B
 0.946024138  11  11  8  B
 0.967226889  11  10  8  B
 0.997239386  11  11  8  B
 1.046266569  11  12  8  B
 1.087669959  11  13  8  B
 1.116583654  11  13  9  B
 1.164284413  11  13  10  B
 1.190210973  11  13  9  B
 1.226136229  11  14  9  B
 1.246573809  11  13  9  B
 1.269274775  11  13  8  B
 0.055503532  19  2  6  J
 0.128350693  19  1  6  J
 0.145355321  19  1  5  J
 0.189418367  19  1  4  J
 0.214389123  19  1  3  J
 0.265611107  19  1  2  J
 0.311516052  19  2  2  J
 0.346266814  19  1  2  J
 0.407156387  19  0  2  J
 0.447493430  19  1  2  J
 0.465159707  19  2  2  J
 0.516888912  19  3  2  J
 0.572402377  19  4  2  J
 0.591964882  19  4  1  J
 0.629511172  19  5  1  J
 0.676362383  19  6  1  J
 0.726666432  19  6  0  J
 0.763466262  19  6  14  J
 0.790296899  19  7  14  J
 0.812253776  19  8  14  J
 0.846334457  19  8  13  J
 0.869870529  19  8  14  J
 0.893489278  19  9  14  J
 0.904980163  19  8  14  J
 0.937420043  19  8  0  J
 0.976281920  19  9  0  J
 0.995432375  19  9  14  J
 1.035856732  19  10  14  J
 1.056804487  19  9  14  J
 1.107040168  19  9  0  J
 1.139230955  19  10  0  J
 1.177292740  19  9  0  J
 1.226146262  19  9  1  J
 1.463349773  19  9  1  j
 0.769030812  26  0  9  1
 1.479512967  26  15  15  1
 0.053083447  17  11  9  H
 0.111027262  17  11  10  H
 0.123836965  17  11  9  H
 0.172865041  17  11  10  H
 0.213412887  17  12  10  H
 0.245481548  17  11  10  H
 0.260791520  17  12  10  H
 0.302588914  17  12  9  H
 0.320806110  17  13  9  H
 0.345685581  17  13  10  H
 0.368400423  17  14  10  H
 0.407198142  17  14  11  H
 0.440735177  17  13  11  H
 0.461932631  17  14  11  H
 0.481386987  17  14  10  H
 0.526392807  17  14  9  H
 0.574266470  17  0  9  H
 0.610428583  17  0  8  H
 0.660220276  17  1  8  H
 0.709675617  17  1  7  H
 0.750296711  17  1  8  H
 0.776620734  17  2  8  H
 0.799726066  17  2  7  H
 0.839417755  17  3  7  H
 0.872631566  17  3  8  H
 0.903221026  17  4  8  H
 0.922920496  17  5  8  H
 0.960314114  17  6  8  H
 0.980537900  17  6  9  H
 1.035984846  17  5  9  H
 1.070755343  17  5  10  H
 1.086476524  17  5  11  H
 1.098494711  17  6  11  H
 1.139297301  17  6  12  H
 1.169657448  17  6  11  H
 1.184288777  17  7  11  H
 1.218536643  17  7  12  H
 1.246602521  17  7  13  H
 1.269404291  17  6  13  H
 1.310677070  17  5  13  H
 1.331210783  17  5  12  H
 1.350268641  17  5  13  H
 1.394642444  17  5  12  H
 1.409610971  17  5  13  H
 1.430174307  17  5  14  H
 1.467352945  17  5  13  H
 1.480619512  17  6  13  H
 1.491628308  17  7  13  H
 1.528275244  17  7  12  H
 1.567792584  17  7  11  H
 1.493683967  33  0  10  8
 2.912646373  33  15  15  8
 0.063581140  24  14  5  O
 0.108431953  24  0  5  O
 0.147328782  24  0  6  O
 0.192683639  24  0  5  O
 0.235080735  24  14  5  O
 0.252746166  24  14  4  O
 0.303280416  24  13  4  O
 0.342629877  24  12  4  O
 0.394916996  24  12  3  O
 0.424561017  24  11  3  O
 0.444330434  24  12  3  O
 0.479688388  24  12  4  O
 0.503740778  24  13  4  O
 0.545287361  24  13  5  O
 0.563313080  24  13  4  O
 0.607331841  24  13  3  O
 0.645086212  24  13  2  O
 0.664785641  24  13  3  O
 0.714747580  24  14  3  O
 0.739540190  24  14  4  O
 0.788880064  24  14  3  O
 0.812290126  24  14  4  O
 0.836160383  24  13  4  O
 0.859841495  24  13  5  O
 0.909415568  24  14  5  O
 0.939424911  24  0  5  O
 0.964990587  24  1  5  O
 1.026078884  24  1  6  O
 1.073837667  24  1  7  O
 1.096685636  24  1  8  O
 1.135572974  24  2  8  O
 1.177184783  24  2  7  O
 1.192291116  24  2  6  O
 1.242304654  24  3  6  O
 1.294745903  24  2  6  O
 1.329430970  24  2  5  O
 1.348871346  24  1  5  O
 1.396023360  24  2  5  O
 1.432316205  24  2  6  O
 1.467043301  24  1  6  O
 1.510159370  24  1  7  O
 1.524378107  24  1  6  O
 1.566807084  24  1  5  O
 1.597548297  24  2  5  O
 1.617294565  24  1  5  O
 1.629162748  24  1  4  O
 1.673517988  24  0  4  O
 1.697323711  24  14  4  O
 1.732381805  24  13  4  O
 1.773929415  24  13  3  O
 1.792013944  24  12  3  O
 1.819343600  24  12  2  O
 1.868080808  24  12  1  O
 1.896106264  24  12  2  O
 1.940802268  24  12  3  O
 1.961257694  24  13  3  O
 1.983686901  24  14  3  O
 2.015013142  24  14  2  O
 2.028407747  24  14  3  O
 2.055692239  24  14  2  O
 2.102830493  24  14  1  O
 2.145143145  24  0  1  O
 2.181155595  24  14  1  O
 2.233359549  24  14  2  O
 2.273001258  24  0  2  O
 2.294316311  24  14  2  O
 2.315979509  24  13  2  O
 2.359046250  24  13  1  O
 2.383290468  24  14  1  O
 2.430147715  24  0  1  O
 2.477003129  24  0  0  O
 2.501625240  24  1  0  O
 2.535066578  24  1  1  O
 2.551783005  24  0  1  O
 2.568762285  24  1  1  O
 2.581297502  24  1  2  O
 2.626391927  24  2  2  O
 2.666501415  24  1  2  O
 2.693475890  24  2  2  O
 2.732076102  24  3  2  O
 2.761860367  24  3  3  O
 2.782534701  24  2  3  O
 2.828531079  24  2  4  O
 2.854246832  24  2  5  O
 2.896580300  24  1  5  O
 2.945304544  24  2  5  O
 2.975853044  24  1  5  O
 3.013556812  24  0  5  O
 3.039191740  24  0  6  O
 3.073725553  24  14  6  O
 3.088982201  24  14  7  O
 3.121177795  24  0  7  O
 3.135641214  24  1  7  O
 3.174411537  24  0  7  O
 3.188400954  24  0  6  O
 3.237041112  24  0  7  O
 3.270235364  24  14  7  O
 3.301790593  24  0  7  O
 0.932790324  32  2  1  7
 3.582501045  32  15  15  7
 1.631391070  34  8  8  9
 3.693823863  34  15  15  9
 0.594051481  28  3  0  3
 4.235808899  28  15  15  3
 0.914931362  30  12  12  5
 4.974699156  30  15  15  5
 1.731799141  25  2  0  0
 5.083575190  25  15  15  0
 0.005428755  1  1  9  #
 0.346348908  1  1  9  k
 0.447501050  1  1  9  #
 1.007277830  1  1  9  e
 1.109085608  1  1  9  #
 0.006627927  2  2  12  #
 0.505591724  2  2  12  m
 0.606321915  2  2  12  #
 0.020291950  7  10  1  #
 0.236456226  7  10  1  f
 0.343400511  7  10  1  #
 0.019165633  6  13  13  #
 0.009818452  4  6  10  #
 0.121424315  4  6  10  d
 0.221817421  4  6  10  #
 0.016166307  5  4  12  #
 0.241123024  5  4  12  i
 0.345796095  5  4  12  #
 0.008115079  3  11  4  #
 0.037743006  9  8  10  #
 0.039432601  9  8  10  a
 0.140218257  9  8  10  #
 0.037215937  8  9  9  #
 0.003923092  0  3  5  #
 0.096386723  0  3  5  g
 0.197351532  0  3  5  #
